1 0.68671875 0.533682712815492 0.1078125 0.1600022347764936
1 0.26953125 0.5460993369412341 0.0890625 0.1677056504675381
1 0.31171875 0.5268135266363838 0.0875 0.15519656010845856
1 0.35546875 0.5270680566906131 0.08125 0.18016019867214011
1 0.40625 0.5453322433607006 0.08125 0.15516019867214012
1 0.44609375 0.529939047517231 0.0765625 0.1723204275949012
1 0.4859375 0.508295851673761 0.06875 0.16446247579950324
1 0.52578125 0.5022776558302914 0.0765625 0.1801329275949012
1 0.5703125 0.5173804810640604 0.0859375 0.16768746974937904
7 0.6140625 0.5121662611182898 0.084375 0.22549087939029935
1 0.3125 0.6369743218159235 0.165625 0.11815107806243948
1 0.43125 0.6329776891059745 0.1265625 0.0788613190854491
1 0.54375 0.625038444959707 0.1484375 0.10242608411256385