7 0.93046875 0.18828125 0.06875 0.0328125
7 0.9625 0.1671875 0.03125 0.0265625
1 0.83046875 0.23515625 0.09921875 0.0734375
7 0.44609375 0.35703125 0.08671875 0.071875
7 0.4671875 0.475 0.11171875 0.071875
7 0.6765625 0.39296875 0.06875 0.04609375
7 0.596875 0.434375 0.10859375 0.0609375
7 0.65546875 0.46171875 0.11171875 0.07890625
7 0.2859375 0.803125 0.1703125 0.0984375
0 0.196875 0.5125 0.08828125 0.0875
7 0.3375 0.41796875 0.1703125 0.08828125
7 0.55859375 0.69609375 0.08671875 0.08671875
7 0.40390625 0.67734375 0.12421875 0.10703125
7 0.54296875 0.78671875 0.11328125 0.075
7 0.4546875 0.57890625 0.33828125 0.1171875
7 0.24453125 0.62578125 0.15 0.11015625