7 0.22483710514517444 0.9690431681841154 0.04375130642076393 0.06191366363176911
7 0.20752297178642448 0.9969863117576248 0.031504573138263936 0.006027376484750491
1 0.26066354274048686 0.8679389724198929 0.09168096656500016 0.11509145407749273
7 0.3361278296908684 0.454010516230829 0.08666615824437507 0.10089256175762476
7 0.4629085352379517 0.46706810886726624 0.09044577488562525 0.12910848997087002
7 0.404936953550313 0.6933518125490477 0.0580320119678472 0.07819920783841657
7 0.4372571846486116 0.6060707728947465 0.07780030452090295 0.12249477711788863
7 0.4737772193178825 0.6656874652937569 0.09978440729444457 0.1278187746106063
7 0.7810727345167711 0.2499166789381612 0.12627547853284735 0.19260870031656915
0 0.46559189846072935 0.17984089350700225 0.10396276101791671 0.10608016693047428
7 0.3856712751699655 0.3352210638026888 0.11690047853284735 0.19233591567683303
7 0.7059695106366671 0.5451860633404705 0.10232752583555574 0.10290970282385174
7 0.6655412663362503 0.38474265683483744 0.1283094507974308 0.1458246285298145
7 0.7991194453821879 0.5221326597378313 0.09357077488562507 0.12919941818411546
7 0.5693760875746531 0.4459636501709198 0.16792138392743078 0.37182483887551354
7 0.5906652868534724 0.22017403998350543 0.13521406743868064 0.1741314849563052