7 0.46953125 0.546875 0.03046875 0.03046875
7 0.48125 0.5421875 0.034375 0.03359375
7 0.4265625 0.5171875 0.02578125 0.0375
7 0.475 0.5078125 0.03359375 0.02578125
7 0.58515625 0.4828125 0.0328125 0.02109375
7 0.54375 0.4859375 0.0296875 0.021875
7 0.47109375 0.4234375 0.0328125 0.02734375
7 0.528125 0.471875 0.0296875 0.0234375
7 0.51171875 0.45078125 0.03125 0.0234375
7 0.48515625 0.44375 0.01796875 0.01796875
7 0.47890625 0.4859375 0.04140625 0.0265625
7 0.50234375 0.51953125 0.03828125 0.028125
7 0.43203125 0.49140625 0.01171875 0.021875
7 0.41171875 0.6203125 0.0140625 0.0171875
7 0.3953125 0.653125 0.04375 0.02578125
1 0.43359375 0.6515625 0.0109375 0.01015625
7 0.48046875 0.57890625 0.01953125 0.01484375
7 0.45 0.58203125 0.046875 0.03125
7 0.39296875 0.68203125 0.04765625 0.02734375
7 0.39140625 0.746875 0.0421875 0.02265625
7 0.37421875 0.7671875 0.03984375 0.034375
1 0.30390625 0.84453125 0.034375 0.03359375
7 0.35859375 0.7703125 0.01015625 0.00625
1 0.34921875 0.79140625 0.009375 0.00859375
1 0.353125 0.80390625 0.01015625 0.0078125
7 0.3640625 0.8640625 0.01484375 0.0421875
7 0.36328125 0.84375 0.01640625 0.015625
7 0.31875 0.9 0.0328125 0.01640625
7 0.34375 0.9171875 0.0203125 0.01953125
7 0.278125 0.9046875 0.0203125 0.00859375
7 0.2265625 0.953125 0.0171875 0.01484375
7 0.29375 0.99375 0.0109375 0.00859375
6 0.2796875 0.97890625 0.01640625 0.01171875
7 0.27265625 0.990625 0.01796875 0.0125
7 0.56484375 0.2828125 0.0453125 0.015625
7 0.58359375 0.315625 0.01953125 0.03125
7 0.54921875 0.29453125 0.0484375 0.021875
7 0.55546875 0.315625 0.0390625 0.01796875
6 0.628125 0.18125 0.046875 0.01796875
6 0.62734375 0.2515625 0.01640625 0.01328125
6 0.6078125 0.203125 0.021875 0.0140625
7 0.62734375 0.1703125 0.01328125 0.009375
7 0.6484375 0.1046875 0.0203125 0.0140625
7 0.628125 0.128125 0.01640625 0.0125
7 0.62578125 0.15234375 0.021875 0.009375
7 0.6625 0.1265625 0.021875 0.0140625
7 0.5796875 0.36171875 0.028125 0.0125
7 0.51953125 0.353125 0.03046875 0.02109375