7 0.20281663478045217 0.9580563059755012 0.039209276785486226 0.07387385200509052
7 0.1831769352172925 0.9871989133115919 0.030196646276527784 0.022220445337363514
1 0.2464555723757646 0.8520512066359105 0.08216049620027785 0.10717724801081766
7 0.34957273385118093 0.44761715062063845 0.08030705547083343 0.09465906667727211
7 0.47342846114975734 0.46414957527054834 0.08245143692972227 0.11967724801081765
7 0.3996318577106256 0.6845989826145933 0.05170927678548622 0.07401930267345413
7 0.4382930077868755 0.5997512679424117 0.06827983415618064 0.11482611600890866
7 0.470161910047327 0.6595529819382755 0.08870143692972228 0.11974997334499946
7 0.8016040932742363 0.2610582012253686 0.1135572729857639 0.18096019334818117
0 0.49498911094166687 0.18179106126673034 0.0959684230620141 0.09640338001272668
7 0.40627471589940994 0.3320825099459116 0.1026197729857639 0.1808329240133631
7 0.707459928664688 0.5473871472390497 0.09593205547083343 0.09484088001272681
7 0.6787504343642711 0.3883030485757769 0.11867987765916688 0.13259541868236296
7 0.7999922675705212 0.5275553578930958 0.0856491721120836 0.12283861067790873
7 0.5792966014423615 0.4465069945894581 0.14263044319798635 0.35625109468490823
7 0.6155750210859029 0.22571268925050383 0.1224594943004167 0.1607567813494538