7 0.76875 0.62578125 0.16171875 0.13984375
7 0.28515625 0.5609375 0.075 0.1578125
7 0.2609375 0.4578125 0.07890625 0.04609375
2 0.8046875 0.453125 0.08515625 0.04140625
6 0.09296875 0.56015625 0.05 0.0265625
1 0.1484375 0.66640625 0.296875 0.06015625
7 0.23671875 0.60625 0.0484375 0.02734375
6 0.03828125 0.19140625 0.0484375 0.028125
2 0.19453125 0.18046875 0.06015625 0.02109375
7 0.696875 0.16953125 0.0546875 0.02890625
7 0.53359375 0.19921875 0.1 0.02578125
7 0.77421875 0.22578125 0.0359375 0.02109375