1 0.31735639127150284 0.46110073579324523 0.10975790268936265 0.16906937418757337
1 0.7595438912715029 0.4688191473161914 0.09109880935708965 0.17655459172016935
1 0.7140132152689576 0.48677821468663157 0.0893908586887262 0.16402731818121907
1 0.6679285559357302 0.4851923952875966 0.08188744135899881 0.19045345048646745
1 0.6142768446053665 0.4623764581938098 0.0815783586887262 0.16389095048646726
1 0.571126281269912 0.47725143587267543 0.0786533533577261 0.1810239034085667
1 0.5286842426002758 0.49839005032101624 0.06920562802354446 0.17461026217486458
1 0.4856609485996395 0.5023275279998819 0.07719994135899881 0.1903716298696164
1 0.4389859432686394 0.48432182183137173 0.08797380935708983 0.1765000446422686
7 0.3928467399347757 0.4874235024323367 0.08399538136536222 0.23735572402541774
1 0.7192739746180932 0.37044014853400736 0.17327496268299925 0.1233125892845374
1 0.5927023839513204 0.3690122418790299 0.1337215666772721 0.0804432508107789
1 0.4731165899506841 0.37161331614932885 0.1527442866804538 0.104208033278183