7 0.5307248426967707 0.4560934561652149 0.03457498789975162 0.034975017856907445
7 0.5268913155694076 0.468525272317839 0.03928975897699054 0.03974433847375849
7 0.49532315300162094 0.41329230153883223 0.04236930718159222 0.031986385551659245
7 0.49015438485124835 0.4647593441525061 0.02989657825883114 0.036455697240056394
7 0.4752111617822197 0.5816741087630026 0.02520907825883114 0.03637387662320535
7 0.47417538172799034 0.5379104719935275 0.026753397540672096 0.033276150162155814
7 0.40189586074894745 0.4671246392018119 0.03145907825883114 0.03648297077900686
7 0.456901523316734 0.5227667130650737 0.028315897540672097 0.0333034237011061
7 0.4349447100850175 0.508322383519769 0.02832498789975162 0.034865923701106104
7 0.42462937880112417 0.48080135551659176 0.020430674668035033 0.020667056006354302
7 0.4683157462875668 0.4706275146072013 0.03151362041330898 0.045857970779006864
7 0.5051572161351416 0.49236219277253424 0.031495439695149764 0.04273297077900686
7 0.46881064997655886 0.4214224013766765 0.02351931323171641 0.014471603084255236
7 0.6014277072563472 0.3901469021874554 0.02041249394987581 0.01754205600635439
7 0.6341265777678519 0.37118839650541247 0.03153180113146821 0.04898297077900686
1 0.6359208819243822 0.41105942004436286 0.012572722872636888 0.012718188311602674
7 0.5651543848512484 0.46606847402212237 0.017323855386194253 0.02373750892845372
7 0.5649634873105764 0.43325597402212235 0.037809072208706954 0.0537795649348082
7 0.6645635115110732 0.36625148051494416 0.03311248184962743 0.05213524431795715
7 0.7317055597156751 0.3596117426898088 0.026826120413308986 0.04577615016215582
7 0.7511186350476401 0.33964016192668806 0.039317030054229284 0.04443183847375849
1 0.8248737767345796 0.2612481550268292 0.037727258976990544 0.0397170649348082
7 0.7533669362773041 0.3232748222351135 0.007867042154477843 0.009511367694751716
1 0.7743970537637468 0.3127055150109431 0.011001132513557365 0.011128414772652384
1 0.7876919393023663 0.315281090092021 0.011001132513557365 0.011128414772652384
7 0.8510095507386847 0.3226356684195098 0.045421584308955334 0.019540932629559825
7 0.8299203459182245 0.32304872564368015 0.01729658430895533 0.01905000892845372
7 0.885089114068597 0.27245443627641724 0.020521578258831143 0.036292056006354476
7 0.9055425146343312 0.2970277422827717 0.022011355386194253 0.023819329545304767
7 0.8856249243734474 0.23028057304589242 0.011064765027114731 0.022065914772652385
7 0.930591990728422 0.1716965056754523 0.01730567466803521 0.020612508928453722
7 0.9770811713483853 0.2404698250744873 0.004760222872636888 0.012581820616851046
6 0.9629368581166687 0.22616186322393425 0.014171584308955331 0.018995461850553053
7 0.9722618611417309 0.21773175445763632 0.011046584308955332 0.018940914772652383
7 0.26426002624360023 0.5756484310047068 0.020594301131468207 0.0487920560063543
7 0.30029297501393626 0.5926819724005645 0.03452044574527387 0.025600017856907444
7 0.27509753229372447 0.5586518457773592 0.02842498184962743 0.052053423701106105
7 0.29699071301188373 0.562158675322664 0.022120439695149673 0.04256932954530477
6 0.16469636347942193 0.648902924511885 0.023737481849627384 0.05197160308425506
6 0.23730716168402383 0.6423586440730759 0.015743174668035032 0.020585235389503253
6 0.1848725080932277 0.6258199805182395 0.017332945745273866 0.025300008928453722
7 0.15298215865896175 0.6494796229697575 0.011019313231716588 0.014253414772652384
7 0.08595373994285505 0.6756506107948929 0.017323855386194253 0.02373750892845372
7 0.10847363455666079 0.6526085771096728 0.01418067466803503 0.02055796185055314
7 0.13344636347942193 0.6483574537328782 0.011064765027114643 0.022065914772652385
7 0.11024975799503181 0.6893546006486231 0.017323855386194253 0.02373750892845372
7 0.3478992280389984 0.58492006533855 0.015806807181592396 0.03152273538950325
7 0.33269640885535345 0.5229422167185218 0.02519089754067192 0.033248876623205345