7 0.5770969192401745 0.47533841289711853 0.10612508928453739 0.1742752610179167
7 0.4089993043847967 0.25493172786725726 0.06544554220663663 0.1702047036472223
7 0.33474537256601566 0.1656678996950003 0.07948867694751698 0.07994337955902786
7 0.4040329350651918 0.04691920611576423 0.0544341298696164 0.07623649810013894
7 0.38090730641339154 0.16283449363482672 0.05401711850553061 0.14182513050895834
3 0.40242379626712177 0.13910670611576423 0.07065914772652385 0.1109751740119445
7 0.5206635073068959 0.26065701063666713 0.10596935633066593 0.07587412860909729
7 0.8224600121781599 0.4333736909168757 0.14586942775829606 0.21424695079743064
7 0.8118009760573079 0.3276140001874312 0.06090231818121907 0.08888196846486114
1 0.6330060000032953 0.49617889617961863 0.03842730032431163 0.05399782218833345
7 0.22987704586337995 0.44224662385944463 0.050292100648623085 0.10737739532659721
7 0.17783862784102142 0.020552155394583486 0.06619774431795715 0.03433993882958339
7 0.3251579127440575 0.08806957655673639 0.14030917451188502 0.16413784802388903