7 0.5597285925375388 0.7339615412555945 0.1558329886359143 0.06742495202099903
7 0.7063946814150391 0.3862314712365045 0.244996674511885 0.16375560669954387
6 0.39466229464556396 0.39063989727882065 0.1710955243497292 0.13633858402290802
6 0.465433121758532 0.7663024212683212 0.11764324188232518 0.11697041868236298
6 0.5552007796313256 0.6801189259230036 0.25109094155801354 0.0654090133672712
6 0.20110974878877458 0.9185665446371832 0.34962962743398435 0.16184875604708893
6 0.20729825689985884 0.07179154197168312 0.1360386858759707 0.09687609468490825
7 0.026098849837844218 0.11219091732972744 0.052197699675688436 0.11936816534054513
6 0.8771364606393277 0.8966406178787782 0.21616256249917604 0.12280334269572606
7 0.9427341871003773 0.8974395018698698 0.08382162094116268 0.058776110677908375
6 0.9280598068237239 0.7984116558720967 0.049092064934808374 0.038063621339908774