6 0.7374529557614731 0.2338986765371846 0.21242963636243814 0.1786546542193456
6 0.7116031164736404 0.5427282057581778 0.14745920129724616 0.21500916558343128
6 0.6113787942319362 0.7518520154179802 0.21045012499835244 0.24422510714144502
6 0.35110949593621965 0.7855785844132734 0.2212318920444809 0.14600579545304768
6 0.4570092995102374 0.4094172792176979 0.15585235389503396 0.1589228068171334
6 0.3193148360381265 0.127411528406919 0.20319100405718976 0.1863035129856435
6 0.473320497564368 0.09104910876300268 0.18871940097293471 0.16262055113509044
6 0.5629126517837136 0.30192415340527134 0.2107853157455871 0.1739398806803952
6 0.350872347805954 0.36929506533855 0.12460235389503396 0.1583773360381265
6 0.20538256980277683 0.35660237621616836 0.1564523717519415 0.19329780681713338
6 0.2381537540538945 0.6680171631477994 0.19217168344033872 0.1814250982129911
6 0.4010065357105197 0.5568320215070601 0.20310918344033874 0.1816160129856435
6 0.47754749066121394 0.6464224013766765 0.2497308133099551 0.2574069456152035
6 0.11794243992986524 0.7612023271096728 0.20074784253094827 0.22531146590774292
6 0.608567845370322 0.4565804257264057 0.193106892044481 0.14551487175194158
6 0.6496410844132734 0.3487366980475401 0.14552278003177205 0.10407166558343128
6 0.47725184131313225 0.27153149553247785 0.15821369480442443 0.11522735389503395
6 0.6051309740221223 0.5728912183400795 0.09576824188232518 0.11726141233702041
6 0.3479910353067779 0.24896892856907477 0.12493754464226861 0.0880921095770768