6 0.240625 0.27578125 0.1609375 0.19375
6 0.5265625 0.3046875 0.196875 0.1328125
6 0.721875 0.40078125 0.2234375 0.190625
6 0.75703125 0.6421875 0.13125 0.2015625
6 0.40703125 0.53828125 0.1453125 0.1421875
6 0.1484375 0.6609375 0.16875 0.184375
6 0.1125 0.51796875 0.1484375 0.171875
6 0.30625 0.4390625 0.1578125 0.1921875
6 0.371875 0.6359375 0.14375 0.1125
6 0.3625 0.7703125 0.1765625 0.1421875
6 0.65 0.7453125 0.1640625 0.175
6 0.54453125 0.59296875 0.1640625 0.184375
6 0.6265625 0.5234375 0.234375 0.2265625
6 0.73828125 0.8578125 0.20625 0.18125
6 0.4484375 0.39921875 0.13125 0.1765625
6 0.3484375 0.359375 0.09375 0.1328125
6 0.2796875 0.5171875 0.103125 0.14375
6 0.55625 0.40390625 0.10625 0.0875
6 0.2609375 0.63671875 0.0796875 0.1140625