6 0.717237478914097 0.24122136676476824 0.20705269984750013 0.1711135733609078
6 0.6909600407501038 0.5308378500954501 0.14538915444465292 0.20632382001909005
6 0.5964248714878119 0.731354923416587 0.20698127108590292 0.23515789202736243
6 0.35243782893475634 0.7722777260502705 0.21104921561506948 0.14148061736154424
6 0.4529353235195135 0.4163191747294516 0.15196515634451407 0.15328972668681723
6 0.3253604098598957 0.15617092071131614 0.19789590539458352 0.18037948535963516
6 0.4708372172305902 0.11722769406426978 0.18332425911805572 0.15834085335772613
6 0.5522833197197914 0.3111964174092693 0.202292464665139 0.16793402936027152
6 0.3536990429343052 0.3823430693825432 0.12220492116215294 0.14981928134945388
6 0.21787064570784692 0.3760737933640895 0.15425500816812515 0.18455790802036276
6 0.24628070754385362 0.6663266233688621 0.1883754350298613 0.17402039735836256
6 0.3996622403132634 0.5563623720559974 0.19775043502986128 0.17412948535963507
6 0.47122680936746475 0.6376856447326333 0.24320971181534734 0.24807606269890758
6 0.1331611520730202 0.7587857486871354 0.1972062275829168 0.21786130402608972
6 0.5950676189223607 0.4539202667488599 0.18604921561506949 0.141189716024817
6 0.6333690123490969 0.35277593742040503 0.13982752583555574 0.10159995735199914
6 0.47315951738309003 0.28605041939845155 0.150983231382639 0.11110222668681721
6 0.5917406375397217 0.5632861760820871 0.09320709897381967 0.11199201734563573
6 0.35163000949930534 0.26978852538190684 0.12075021751493065 0.08731928134945388