6 0.6940606348512484 0.46429524009385936 0.17421018052176757 0.13483062802354445
7 0.24809519164005725 0.7497112880330894 0.11620678298109546 0.10134541868236298
7 0.8545077763417961 0.5161588267822674 0.05826701795398108 0.0787977093411815
6 0.9310309323684791 0.9074163420591791 0.10894879488495235 0.18516731588164176
7 0.6853385780624395 0.17358842409290481 0.17411927693097126 0.11920562802354437
6 0.5351492431643089 0.5421282440722239 0.14598518657189175 0.11731586401972649
6 0.26584979732083913 0.5788357140356347 0.1895806504675382 0.09126244135899882
6 0.30919125204310344 0.6433982007081345 0.07991475897699045 0.03998974801081765
6 0.8189566166026798 0.5821469061107222 0.11791472872636959 0.12636360001590835
6 0.9672607437534839 0.3667139047978576 0.06547851249303208 0.12421929734245411
6 0.9507090480082102 0.3344917507956304 0.09858190398357962 0.16053860534690845
6 0.6282568102066545 0.0299651460852688 0.12208407825883114 0.037355644016544697