7 0.8141820541396532 0.5375241457921561 0.16133884992375017 0.08530221662612103
7 0.7302967101998268 0.49191218482337584 0.08597517401194459 0.06924087939029935
6 0.9406308788934379 0.6641270315271672 0.11873824221312432 0.13040563836728972
6 0.8353945989738196 0.10609233861056375 0.08615701196784756 0.07705337939029935
1 0.38151829055628533 0.7142836511549092 0.10923214247680572 0.1287431444174139
6 0.3368617136182993 0.8098688619272977 0.1269274823325695 0.08353972872636958
6 0.4402535916587157 0.5186029916121847 0.07332970364722229 0.06291815651766246
6 0.2939565538553128 0.34286771428842994 0.08375936379145843 0.10828519867214012
6 0.1401607130496184 0.41564720501685193 0.09357077488562511 0.12708974082661778
6 0.12548518968260472 0.6579528796848869 0.10792290919430561 0.0724931444174139
6 0.6925070758911464 0.5468269438003663 0.16500936379145834 0.10875789734428025
7 0.20746058187506994 0.5879352954741274 0.051418336056041715 0.06122839149054791