6 0.2734375 0.6640625 0.1390625 0.15
6 0.42734375 0.60234375 0.121875 0.16875
6 0.2515625 0.50625 0.109375 0.1921875
6 0.2609375 0.3453125 0.121875 0.15
6 0.37578125 0.33828125 0.109375 0.1265625
6 0.5 0.4234375 0.115625 0.1625
6 0.6421875 0.4484375 0.15625 0.146875
6 0.7484375 0.53671875 0.0890625 0.1609375
6 0.63828125 0.5984375 0.11875 0.153125
6 0.74609375 0.67734375 0.0765625 0.153125
6 0.50078125 0.71796875 0.1265625 0.121875
6 0.59453125 0.6875 0.096875 0.1484375
6 0.8859375 0.2828125 0.1171875 0.1546875
6 0.9703125 0.28515625 0.059375 0.1671875
6 0.896875 0.4109375 0.1125 0.1765625
6 0.94609375 0.5890625 0.10625 0.14375
6 0.715625 0.3390625 0.11875 0.2078125