8 0.48612943930236624 0.28746862694696884 0.14163402985783763 0.17752926959604132
8 0.7490788911959602 0.22277667498104706 0.0722204336450254 0.06146634890464338
6 0.7542668818261863 0.4429755147144904 0.040870439695149585 0.043369566772189574
7 0.681856071521336 0.487277095672445 0.07225679508134383 0.0677163489046432
7 0.6730668788011241 0.45393339825886975 0.026717036104353477 0.027335389812585476
1 0.837347547419035 0.48665966706348823 0.04242384933607006 0.041852530878812286
7 0.866703770193476 0.5631623310909687 0.037627265027114734 0.022966138558944315
3 0.875392968963812 0.5793185285045439 0.021993174668035208 0.02094899749271768
7 0.6275669846782977 0.15442514324430484 0.07688975292686617 0.05847774122451135
8 0.6833407825883121 0.3395526495125111 0.24626698770335978 0.17120036473976094
1 0.8752338876799186 0.5519747785045439 0.012554542154477844 0.00973871285298138