7 0.896696428096007 0.18613898693486225 0.1836879350298613 0.1771033722616083
7 0.3072189668493405 0.31888535847155475 0.21719141926229177 0.2077456185006846
7 0.12740091422829872 0.14033314647650313 0.14360714247680564 0.1322167695960413
7 0.5170388696784729 0.7801507820659466 0.21279485999173636 0.22010922618081655
7 0.9724263927611461 0.7069803358395056 0.05514721447770796 0.05673338479802066
6 0.7476614756830557 0.29032271859246217 0.08964568787965277 0.0947334899708702
6 0.41308449430041677 0.17128659593514245 0.10672408510611113 0.09054609514371963
6 0.9560808465989933 0.43625865887990145 0.08783830680201347 0.11054034639736088
6 0.9453722770698267 0.6288864280802313 0.1092554458603466 0.12229620031656907
4 0.791532336243473 0.900561536618293 0.22678331838861113 0.15025136724704352
6 0.77597876500507 0.8360898596586891 0.14055487765916688 0.1352508413827959
6 0.8234194222995146 0.9552123092170888 0.24444229065319475 0.08957538156582245
6 0.44107251567066025 0.6022781831613033 0.12732752583555573 0.1036371285298145
6 0.3552817924561464 0.6731696931904331 0.08895470364722229 0.06504598997087001
6 0.17279660077677142 0.6819128927155795 0.2389209488975696 0.2021321159934022
6 0.08627330005559067 0.4529862591712 0.15574477298576403 0.18409751834239999
6 0.2012807042159032 0.4633591210079671 0.14273432028847227 0.09471676959604132
6 0.3602589267648269 0.6186640496169238 0.18579464247680572 0.13344430047485362
6 0.3086412221676741 0.5812489661516868 0.1133377610179167 0.10635295157021041
6 0.5916732341355214 0.6659950053437693 0.23532186379145834 0.11458665188677948
6 0.6413115178548617 0.7525379105957611 0.1899002610179167 0.10858069279472175
6 0.6047772186522924 0.8824273697543259 0.3682460794065278 0.2351452604913483
6 0.8802837520872924 0.78915868685572 0.14426045269729143 0.09319973370266403
6 0.8738532205521535 0.8483063663226066 0.06682513050895836 0.05347199247815269
4 0.6609512174180214 0.7242226939818559 0.11824216014423605 0.048722307996701096
6 0.04097833064079896 0.4188780321324536 0.06675500816812516 0.18463106426490725
6 0.026173561073507406 0.5542926949062927 0.028926393426736197 0.10233538981258547