7 0.78671875 0.08125 0.153125 0.1625
7 0.6828125 0.65546875 0.1796875 0.190625
7 0.859375 0.8109375 0.1125 0.1265625
7 0.23671875 0.496875 0.1921875 0.184375
7 0.2875 0.04453125 0.046875 0.0703125
6 0.69296875 0.2328125 0.084375 0.078125
6 0.81875 0.54140625 0.078125 0.0953125
6 0.54609375 0.0421875 0.096875 0.084375
6 0.3625 0.06015625 0.10625 0.1203125
4 0.11171875 0.24609375 0.1234375 0.2046875
6 0.1734375 0.2546875 0.1171875 0.1234375
6 0.0453125 0.22109375 0.090625 0.2265625
6 0.40859375 0.553125 0.0875 0.1125
6 0.34453125 0.64140625 0.0546875 0.08125
6 0.34296875 0.81640625 0.1703125 0.2109375
6 0.5640625 0.8859375 0.1625 0.1484375
6 0.54921875 0.76953125 0.0765625 0.1296875
6 0.39609375 0.63125 0.109375 0.1671875
6 0.43359375 0.67734375 0.090625 0.1
6 0.3421875 0.415625 0.0875 0.215625
6 0.25859375 0.375 0.0859375 0.171875
6 0.12421875 0.42265625 0.2140625 0.33125
6 0.21328125 0.1515625 0.075 0.13125
6 0.1578125 0.1625 0.04375 0.059375
4 0.284375 0.3546875 0.0359375 0.109375
6 0.59765625 0.946875 0.1703125 0.10625
6 0.4703125 0.9671875 0.0953125 0.065625