6 0.767130496189371 0.531788935589933 0.17631810206654458 0.22758062021691713
6 0.7977093722600206 0.819457107232906 0.2250737646343312 0.2825499213483852
6 0.5469866887131911 0.6937838997801672 0.3010999334486337 0.19080784894328656
6 0.18941456234795379 0.5987380027304745 0.27301129488495224 0.19689422247985355
6 0.2518549541330891 0.45457491227319907 0.21623405405833437 0.10594196955298721
6 0.43289289333725944 0.8220220083878154 0.30570562021691716 0.1767726200205253
6 0.1778417789740748 0.7580402798578376 0.3139453670936592 0.2502555718159236
6 0.5225901558302913 0.528803794393973 0.3166340298578376 0.17527375253408267
6 0.25057827956324996 0.36941411709365923 0.17717155405833437 0.10571471057599684
6 0.7396225988450909 0.3691343994855796 0.1619283491396782 0.17124880698520056
6 0.6817323099120669 0.22114635137917352 0.1678965480082102 0.12284766842151909
6 0.5196646228491958 0.42879015885535343 0.2866465480082102 0.12353853571157014
6 0.541062378997516 0.3468861738824681 0.2397079154946528 0.11232832493918155
6 0.3587038760706497 0.2895771470496927 0.19900110226293624 0.0980294756031114
6 0.34583117134838537 0.2254419241770557 0.1599022408266178 0.09155221662612104
6 0.5808965177575891 0.21118502321853816 0.10520565046753827 0.08967155405833438
6 0.5406487676593933 0.2757924238824681 0.1862829336450254 0.0604567527304745
6 0.49962833703942994 0.20758732454639803 0.13971700585373253 0.113309041958086