6 0.24507710009177758 0.5329154602257 0.17842183135366607 0.22800008928453738
6 0.21987147776366225 0.8206103291382677 0.2268426109788372 0.2819432954530477
6 0.4694957415537158 0.7047161424482228 0.30223976458147633 0.18955697240056466
6 0.8263247515828457 0.623489056406801 0.2742966210079672 0.19531604869945837
6 0.7611818217202476 0.47789413838773764 0.21858016693047447 0.10532624837514692
6 0.585814726510021 0.8379298372526472 0.3065635517284949 0.1771387930174157
6 0.8403825545649818 0.784590197640503 0.31490490063313814 0.24912288717321704
6 0.4904805283050229 0.5403224058409034 0.3174101235152495 0.17420470779006791
6 0.7610250458560002 0.3919975486961632 0.17795516693047428 0.10461713636243815
6 0.2692778150563301 0.3717012706962813 0.1627226235152496 0.17150462743398434
6 0.3251377069804867 0.22509505194586935 0.17064277210332374 0.12166826866768635
6 0.4922583254811713 0.44040422645775446 0.2878302721033238 0.12371378408896198
6 0.46875497783016923 0.35722353368192483 0.24215405925034225 0.11042285145940198
6 0.6515841982049981 0.3073168112780649 0.1996483105039836 0.09874896590774282
6 0.6622201698334681 0.24347249958966763 0.16040395407749272 0.09181712743398433
6 0.4272541364473733 0.21906896874711662 0.10571645407749272 0.09086255357072251
6 0.46744487892552583 0.28536217045139994 0.1860117078384164 0.05946827759614015
6 0.5084586723407506 0.2189246927725343 0.1406824874635877 0.11177507142762995