6 0.6040765051663615 0.562911006933887 0.5025725716195317 0.44509641490547763
6 0.655142538834828 0.20869568472517996 0.3488385175611974 0.33951805971567517
6 0.9227289728726369 0.14072589296348575 0.15454205425472622 0.24308744554888215
6 0.8628825764026147 0.6434332573266704 0.27423484719477076 0.2297249031980126
6 0.9069545028286704 0.3822275917338217 0.18609099434265913 0.291715843089554
6 0.3819363221105111 0.11746878025062102 0.42012264422102225 0.23493756050124204
6 0.46809914031219735 0.8254297085328932 0.4424248910977644 0.31193848126045226
6 0.2017519776462149 0.8371358647559681 0.3939783007386847 0.3100941801289842
6 0.2397453186926656 0.3845557654198981 0.47719986689726746 0.3808884691602038
6 0.13125961123992674 0.1358920482046019 0.23126922247985346 0.2717840964092038
6 0.1575423936318471 0.6241045996306577 0.3095760296614459 0.3049158007386847
6 0.07442939090137259 0.43864434348233755 0.14547716822512735 0.29771131303532494
6 0.37810435762568945 0.5314120638208918 0.2608021863755 0.24682149960721667
6 0.8808737918598901 0.1987883778381752 0.1812964935570925 0.27760789129415603