6 0.21328125 0.165625 0.2265625 0.25625
6 0.5203125 0.20234375 0.2578125 0.2875
6 0.75703125 0.28046875 0.2890625 0.3484375
6 0.94296875 0.21640625 0.1140625 0.2390625
6 0.02421875 0.22421875 0.0484375 0.2453125
6 0.121875 0.4296875 0.24375 0.2921875
6 0.3359375 0.45859375 0.23125 0.259375
6 0.0921875 0.659375 0.184375 0.2078125
6 0.38671875 0.61875 0.171875 0.2546875
6 0.121875 0.88515625 0.24375 0.2296875
6 0.35546875 0.89609375 0.2515625 0.2078125
6 0.62109375 0.8828125 0.24375 0.234375
6 0.85390625 0.60234375 0.1921875 0.365625
6 0.571875 0.51953125 0.275 0.3703125