6 0.14680755687607389 0.8117765674386807 0.2853537929530063 0.25491093123013897
6 0.18441182310690288 0.48664993407993073 0.320774467405328 0.29164851823611143
6 0.26519177632646584 0.2360154608654169 0.3889621777510269 0.3275873246568753
6 0.19689172037482885 0.057743684079930725 0.25902331050398353 0.10127678495361134
6 0.20954793461446553 0.9887546818957291 0.26166492570596295 0.022490636208541658
6 0.4251849579714305 0.8830878697753821 0.32418897241989286 0.23382426044923577
6 0.4555868264721152 0.6782432477188893 0.29017768527287446 0.25970753400368096
6 0.6681393361055337 0.9149765888573788 0.2302738363682309 0.17004682228524254
6 0.6244792304704656 0.6235408299752089 0.2805466210079672 0.197025696047778
6 0.8786509387711007 0.8828385223201739 0.19923443652651543 0.23432295535965225
6 0.8925700009244368 0.6524523056582646 0.1860357545523467 0.27602090539458357
6 0.8819353439565853 0.373109644564098 0.22335389812585582 0.2706437275829169
6 0.6044481561099216 0.1297719929692366 0.3985070108205527 0.22631576538631978
6 0.5183525655850555 0.42875304720579904 0.40886550079142286 0.3139976033422226