6 0.18126051025353668 0.8071518011350906 0.2720396682251274 0.30159332223840885
6 0.5078184650739969 0.8136332207757114 0.3081953368430382 0.33972061363426675
6 0.7659264017440844 0.7673521047025176 0.3507828126425414 0.40920699918592585
6 0.9247968868151656 0.8568527556754523 0.09525899960721632 0.26101141233702024
6 0.016264307672571678 0.7182823956979288 0.032528615345143355 0.26468979139585774
6 0.13415176532170223 0.5172029111192045 0.26830353064340445 0.34378082223840883
6 0.3493621122218854 0.5186501830333017 0.2767635296614458 0.3079251428552599
6 0.12107907269968632 0.2732347228076017 0.2201499152982611 0.2444432954530476
6 0.42373591920708603 0.35899453936396764 0.2141817164297292 0.29277170129724617
6 0.17996423507108122 0.08986884374876428 0.28069652985783755 0.17831946347211086
6 0.4252540091733822 0.09805703936396765 0.2869919816532356 0.1862410576279122
6 0.7016165212736306 0.13725945575817783 0.2826226442210224 0.24084673701106118
6 0.8920359464326448 0.4445203510490696 0.21331008371978016 0.41149442775829587
6 0.6042405097625574 0.49028326988220705 0.33840098731057644 0.42930131087432316