6 0.8148336619299833 0.2821100799457513 0.19563187418757338 0.11119441882984216
6 0.8087218039744644 0.42414757548152443 0.2242205243497292 0.13824784253094827
6 0.8005525681779238 0.582550410708872 0.2338955332781829 0.15559898376465037
6 0.7825174086802772 0.7126646047025176 0.2302523360381265 0.12585693668674977
6 0.592477420858437 0.29541110064532783 0.23057961850553052 0.1446069366867496
6 0.3863268323846786 0.25276213027335814 0.21050467207625304 0.24735010714144492
6 0.3450780896882792 0.4847836976437983 0.1812614569792892 0.18279668344033873
6 0.5413121615229463 0.4515014135515411 0.14998418344033873 0.18068871266133185
6 0.4861645600602489 0.6926525190714281 0.20349101298564348 0.20349101298564348
6 0.26258851257531113 0.8597916059236288 0.1755023806803952 0.21081258928453755
6 0.29014294804754004 0.6486183267026358 0.18274213636243805 0.1781364569792892
6 0.6106771850586012 0.9353775815706044 0.12381142126547413 0.11306483603812652
6 0.5242355300284768 0.5917854943146619 0.20169095941492116 0.10036601298564349
6 0.7328328287279353 0.8640946911476812 0.17542056006354406 0.20612508928453757