7 0.4439973804704539 0.63411520206077 0.07266586123992677 0.13677384134309048
6 0.23067067867505578 0.6394459500318167 0.08303066861791084 0.03846361067790873
6 0.3937449339396131 0.1397470367202248 0.04550339754067192 0.03333975867281787
6 0.819628118664793 0.7986531534452221 0.20557835518980241 0.15550675469445335
6 0.919487218099059 0.8240355087921305 0.033130662567786476 0.0550693080044546
6 0.7255422962596944 0.7209906827657228 0.10343407220870696 0.05432496801399935
6 0.8425348744203296 0.6215639421148584 0.050172716822512696 0.030269302673454134
6 0.8462774979568966 0.649734395448722 0.0611283975406721 0.033521572008272396
6 0.7196564315037262 0.5240338667647683 0.028261355386194252 0.023764764003817974
6 0.7399047781093218 0.6695918147676317 0.037636355386194253 0.02387385200509069
6 0.7350718323640478 0.6945372707669953 0.0392352168225127 0.030142033338636055
6 0.7486303383159761 0.6470355621021316 0.023601126463433174 0.028397720003181703
6 0.8177894044745588 0.5775230407781312 0.0392170361043533 0.027017033338636053
6 0.7554166695016736 0.5549207874363133 0.023582945745273955 0.025272720003181703
7 0.7918940041052166 0.7311383894414041 0.06119203005422928 0.04445907200827222
7 0.639102364854164 0.2691730967536324 0.04388635538619425 0.023946577339272503
7 0.7052631751590144 0.3121333034293138 0.02511817466803503 0.020603401336727067