3 0.15510747929266094 0.78655005747618 0.3102149585853219 0.3783533007386847
3 0.48209740722473227 0.7971410820694602 0.4320885307129069 0.3431157583878154
3 0.8147553658895961 0.8084860855855016 0.302818106699544 0.24393284894328673
3 0.8859229359086861 0.6674565646064586 0.21466357869190772 0.18717378883482816
3 0.24976890193350307 0.4883574762904825 0.2933351133831795 0.36886921642972936
3 0.5064728879296851 0.5149871122218854 0.31762604137490713 0.30807716217500314
3 0.8566274292648213 0.499669621788051 0.27769083736472594 0.23284990319801277
3 0.7654655325827766 0.613473567435129 0.2903726507001803 0.24854762607064967
3 0.7279944466104571 0.40979912159165927 0.33101583203372564 0.2503464754067197
3 0.7323205093093648 0.17229003123257966 0.3801442227084525 0.3100032765381879
3 0.28800688796945595 0.2233091932111911 0.3278373827179976 0.3800067043294808
3 0.49077735196531974 0.2525961965308408 0.2174442280394528 0.29187037919390757
3 0.8586182852880476 0.32857587178805103 0.2254919906906352 0.17786242134838534