3 0.14884917056281843 0.7388234978157986 0.2801157886384363 0.34866093123013897
3 0.46239858615566715 0.7776255457840968 0.39078966822512734 0.30593053020395866
3 0.775943456568976 0.8156463437523952 0.27153969847574827 0.21722909327423637
3 0.8634974778426067 0.6885915748506937 0.21032039734428026 0.16737325721819474
3 0.26680324326250476 0.4649476270904859 0.25506124648395856 0.3387040497712501
3 0.5077282251121321 0.5109095180486801 0.2828408128389331 0.2799836664125003
3 0.8422395804983264 0.5265643535360409 0.25119083703942985 0.21050631458888916
3 0.7451469327612626 0.6257123279848258 0.2606476502711466 0.22478702013597243
3 0.7268140475172308 0.4292373714878119 0.29812037919390766 0.22097234232430588
3 0.7505095809893056 0.20443674002892295 0.34064422247985354 0.2797667672861808
3 0.32551867134838536 0.21589122483003448 0.28792828863843634 0.34884276918604196
3 0.5148629724798536 0.2599282462971871 0.18748286104353512 0.2699527433504863
3 0.8576958879745064 0.3629012438286451 0.20402494554888193 0.15941528685347245