3 0.253125 0.153125 0.3328125 0.26875
3 0.21328125 0.46328125 0.2875 0.3796875
3 0.1734375 0.7734375 0.2046875 0.2640625
3 0.2984375 0.85859375 0.15625 0.203125
3 0.5234375 0.26640625 0.325 0.24375
3 0.47578125 0.50546875 0.265625 0.2734375
3 0.459375 0.8359375 0.196875 0.24375
3 0.3609375 0.740625 0.2109375 0.253125
3 0.55546875 0.7203125 0.2078125 0.290625
3 0.77734375 0.74140625 0.2625 0.33125
3 0.76875 0.321875 0.3328125 0.2765625
3 0.7234375 0.509375 0.259375 0.1796875
3 0.6203125 0.8484375 0.15 0.1984375