3 0.8055445533113407 0.799470163181459 0.02586381802583091 0.030269381458889022
3 0.7542381175762478 0.8607336650813201 0.03225021034569906 0.03510235182361114
1 0.7317182598961158 0.864893835009202 0.03850021034569906 0.03524782218833309
3 0.4955270441401405 0.7165244977188893 0.04162521034569906 0.035320557370694415
3 0.22684289179114261 0.7930272206490626 0.048102530878812465 0.04327852773541672
4 0.2615408375553653 0.6439364104285765 0.06560827962517113 0.05461607123840295
4 0.6208382473597036 0.9716140008530214 0.02407399749271768 0.022420513867708537
6 0.8231663108331879 0.734299758071216 0.0677163489046432 0.07340243882958326
6 0.6020317937444292 0.5667628466927088 0.07718227711788864 0.0767456443766669
6 0.7574600574679756 0.9178012826725006 0.03537521034569906 0.03517508700597247
4 0.953413751978557 0.783393834343612 0.03537521034569906 0.03517508700597229
6 0.7070281484550602 0.9017937697547229 0.024119461599340218 0.023983013867708534
7 0.6387411497087014 0.8892742795383686 0.02393760517284953 0.017733013867708536
6 0.5440029627199674 0.9604569888851741 0.017823997492717503 0.022275043502986237
6 0.39197980997525816 0.8874344501318406 0.03859113855894432 0.03837282218833345
7 0.39516098277822714 0.7821111704965628 0.046085389812585656 0.027617160144236052
7 0.2643967160851798 0.7689182266329864 0.046039925705962936 0.026054660144236054
6 0.38840223660565787 0.2815117584524656 0.06266513605166182 0.060793336056041716
6 0.15491247202418149 0.09182709014010429 0.15510870031656912 0.12540265634451403