3 0.7002933169699936 0.8252757899029589 0.025545470779006863 0.031540901336727246
3 0.634604087262533 0.874467815245095 0.03028751785690744 0.034720445337363515
1 0.6119614740320083 0.8739501945815039 0.03812729139585791 0.03637385200509087
3 0.4230740722449994 0.6871239986075937 0.041225017856907444 0.0348477146721816
3 0.1422780397775953 0.709137547979001 0.047611385551659155 0.04273294000636341
4 0.21573095089679972 0.5731540473026833 0.06496252678536125 0.0523079346753633
4 0.4754006367760658 0.955991629933185 0.023846603084255236 0.023710220003181702
6 0.7349234614501066 0.765509891231732 0.06844208279171564 0.07265679734245403
6 0.5658536818220762 0.5620501785885036 0.0778989034085665 0.07745338534372674
6 0.622698376629796 0.930063834579913 0.03494774431795715 0.033212489337999786
4 0.8477041051194405 0.8376201538829144 0.03494774431795733 0.033212489337999786
6 0.5778222532530014 0.9055910932527311 0.02543637662320535 0.025290901336727244
7 0.515772266645682 0.8805370965945487 0.02376478246740419 0.019022720003181705
6 0.4047569001687464 0.9310376306095026 0.01913182954530477 0.022093176002545435
6 0.27682854343104324 0.8317654312937744 0.0381545649348082 0.037936352005090865
7 0.30827518669334025 0.730638735956411 0.04577615016215582 0.027089758672817866
7 0.18628713839762354 0.6937847206397285 0.04574887662320544 0.025527258672817865
6 0.43542543669004485 0.2480069546069573 0.06350912094116268 0.058539753341817755
6 0.26018747767886563 0.04189605132081876 0.1546250446422687 0.08379210264163751