3 0.75078125 0.19375 0.021875 0.028125
3 0.6921875 0.13828125 0.0265625 0.03125
1 0.6703125 0.1359375 0.034375 0.03125
3 0.4578125 0.3 0.0375 0.0296875
3 0.18359375 0.246875 0.0421875 0.0375
4 0.23671875 0.3890625 0.059375 0.0453125
4 0.546875 0.040625 0.021875 0.0203125
6 0.7765625 0.25625 0.059375 0.0640625
6 0.58125 0.4375 0.0671875 0.06875
6 0.68828125 0.08203125 0.03125 0.0296875
4 0.8984375 0.19765625 0.03125 0.0296875
6 0.640625 0.1015625 0.021875 0.021875
7 0.57578125 0.11953125 0.021875 0.015625
6 0.4734375 0.0578125 0.015625 0.0203125
6 0.3328125 0.14140625 0.0328125 0.034375
7 0.35 0.24375 0.04375 0.021875
7 0.22421875 0.2671875 0.04375 0.0203125
6 0.409375 0.7328125 0.05625 0.0515625
6 0.20625 0.9421875 0.1390625 0.115625