1 0.885758928096007 0.14989288721359642 0.09480596656499998 0.11357269867918127
1 0.2967263696784729 0.7623796319621381 0.07154899810013893 0.05394316000954511
7 0.26848834764263935 0.5564023519653197 0.04960126291777778 0.05056362133990877
7 0.6755007606366672 0.5172820239099587 0.04287848423243048 0.03017839600572696
7 0.9445371288934379 0.6289349498727331 0.11092574221312432 0.07176700668363552
7 0.9819845371378129 0.8074321198679606 0.036030925724374184 0.03501134667409076
6 0.35724106990722265 0.5084819252864567 0.08877286569131951 0.055705654678544825
6 0.3411432912218754 0.48835123862191115 0.0529808360560418 0.061537484006999675
6 0.38949444471659783 0.7191012519494114 0.036737587005972204 0.034793170671545325
6 0.39423453647222273 0.6205819359484569 0.02242051386770836 0.02369203866963616
6 0.6950248253224653 0.14742350990614067 0.03659211664124999 0.028543170671545236
4 0.05147615349472241 0.23071365066040936 0.04487739532659725 0.048946577339272504