1 0.781048671827743 0.06667240189373216 0.11624455547083343 0.09507723734881748
1 0.30888654426548545 0.8227444199554566 0.05639677678548623 0.07407384667409075
7 0.5212417271111451 0.7929370992600487 0.052726262917777864 0.05059998400699968
7 0.464491072569583 0.37886605593573025 0.030705792553055566 0.044095445337363426
7 0.28740646818052074 0.13489952196054728 0.07333101006798622 0.13050566000954503
7 0.09976099781579849 0.14333128198600065 0.035829703647222266 0.06289998933799978
6 0.548587436742291 0.6918649479233216 0.0583229526972918 0.08971702800763595
6 0.5718067311952078 0.70096722792014 0.062173998100139016 0.05383407200827221
6 0.3308180552834022 0.7193921532861385 0.036810322188333355 0.03791817067154533
6 0.4276391571070133 0.6870240012730937 0.02554551386770836 0.023728401336727246
6 0.8282106932948956 0.2551349178867325 0.03212282218833344 0.03786362667090888
4 0.8979652684299297 0.9158627852085057 0.051054660144236055 0.04589430267345414