1 0.861190113507118 0.10993684412725765 0.079108231382639 0.11115701196784729
1 0.43606413335875 0.038289741734965646 0.09193423328249999 0.05835932028847231
1 0.4362790728539235 0.19697441071291705 0.08960932028847228 0.09266158510611122
6 0.43316833738722194 0.39779202830409754 0.06729790919430556 0.07340243882958344
7 0.2389585168144092 0.6817091673624308 0.07776393692972228 0.12049564437666671
7 0.8071961044859715 0.884881639530105 0.09258884992375016 0.08648432028847211
7 0.9510422491469785 0.6154257375539938 0.05814111474138883 0.08255923328249999
7 0.12288480081808995 0.39604181145475703 0.03175914627652778 0.022602351823611144
7 0.15158645659392306 0.6405918984607293 0.041206881458888935 0.025945557370694417
6 0.3602399836637497 0.3742077515186114 0.042479747150208344 0.08063305737069441
1 0.053958188545242945 0.13335866707809033 0.03517508700597225 0.03517508700597225