6 0.7814803365690954 0.7279406641072224 0.1391545013526354 0.14378745735199913
6 0.5965695345719589 0.7046924260820872 0.152290848026726 0.19862040802036277
6 0.3343058919080497 0.6813254620464525 0.12698176535645356 0.1717670066836355
6 0.8393848379217308 0.5864076921148584 0.1517817706874535 0.15487040802036275
6 0.5964166352641851 0.516383904081769 0.14602266669318062 0.19698518268618095
6 0.44728024860759363 0.4404197460614062 0.09242495202099903 0.15574201734563572
6 0.86754729527373 0.4492167747851309 0.12456474267981754 0.09831132535009016
6 0.8463819146244564 0.32082814544872196 0.1235658640197265 0.1467306440165447
6 0.7268506646244565 0.3194372734324954 0.1266181386855445 0.1405170066836355
6 0.6076012252944109 0.29382765141626893 0.11549882535009015 0.12476473734881743
6 0.48317065324636765 0.6463339387332697 0.1682249306969986 0.22536472135581712
6 0.7185183545910488 0.5654673887650864 0.11415450135263541 0.14349655601527206
6 0.12141718260663911 0.44366018801718105 0.13410337468172656 0.11248291335136287
6 0.15327461525304914 0.593269836688408 0.11453630935708983 0.17630905601527208
6 0.14057352589914102 0.74470506735359 0.12494655068427188 0.13112382535008998
6 0.04205749395291126 0.7677238493395906 0.08411498790582252 0.14794769867918128
6 0.05576655263368333 0.5913068000079542 0.11153310526736666 0.21073860001590833
6 0.02025631397200129 0.4830761293364089 0.04051262794400258 0.14115225867281786
6 0.8887843065722769 0.7057485854550853 0.05950336401972649 0.14598520934118148