6 0.2078125 0.28671875 0.1328125 0.1390625
6 0.39296875 0.30390625 0.146875 0.1921875
6 0.65390625 0.31953125 0.121875 0.16875
6 0.1546875 0.42890625 0.1453125 0.1484375
6 0.3984375 0.490625 0.140625 0.190625
6 0.5484375 0.56171875 0.0859375 0.153125
6 0.13046875 0.56484375 0.1203125 0.09375
6 0.15546875 0.6921875 0.11875 0.1421875
6 0.27421875 0.68984375 0.121875 0.1375
6 0.39375 0.71171875 0.1109375 0.1203125
6 0.50703125 0.35859375 0.1609375 0.21875
6 0.27578125 0.4453125 0.109375 0.1390625
6 0.871875 0.55 0.1296875 0.1078125
6 0.8359375 0.4015625 0.1078125 0.171875
6 0.84453125 0.25078125 0.1203125 0.1265625
6 0.9515625 0.225 0.096875 0.14375
6 0.940625 0.4 0.11875 0.20625
6 0.9765625 0.50703125 0.046875 0.140625
6 0.10234375 0.31171875 0.0546875 0.1421875