6 0.5758203493793616 0.3324081319223672 0.10528857869190808 0.18713746801399936
6 0.303419732733906 0.49184895595959277 0.10930336935072642 0.12937951201463563
6 0.04354693543122277 0.7206846699952274 0.07182155068427191 0.1305056600095451
7 0.9196254407224519 0.40029232920914204 0.12729084802672616 0.19832950668363553
7 0.28201525803627103 0.2639421319621381 0.13659312269254426 0.19218859468490823
7 0.8427736814130873 0.577772986553187 0.09006247334499946 0.08697383601209037
7 0.10829233012408519 0.9129261666534096 0.19694882001909003 0.14289766669318063
4 0.9393786981221762 0.889191197207233 0.10388971069381689 0.2011817866804538
6 0.8495713107892671 0.8933616238860962 0.12100448535963508 0.1951317813494537
6 0.8025695887969031 0.9501661545592321 0.1087579293443632 0.08250451201463563
6 0.7134979981301304 0.9504212405713226 0.11190111067790856 0.08410337468172671
4 0.6694389154598579 0.9243678179105951 0.1093942760184536 0.13719201201463563
6 0.6226275501272669 0.9303820079169582 0.12176700668363552 0.12639996268299925
6 0.5410781054662211 0.972742777928094 0.09424089600572697 0.04327838001272681
6 0.7657748294079966 0.5411638718969138 0.16155676002545327 0.1893544960216353
7 0.6466664620066815 0.04170076857895858 0.04769316000954511 0.07085794000636333
6 0.5820863413430905 0.06511154392109454 0.028543170671545326 0.03626476400381799
6 0.6627914486791813 0.08448770524350413 0.0862294960216353 0.160356792011454
7 0.7261737906985894 0.22673829256845907 0.06308180267345413 0.050727253341817755
6 0.7870060340944957 0.6870303552275958 0.2322147053628168 0.21986015603118042
6 0.8911400981062678 0.7725491372135964 0.19257040268936265 0.16940562269254436