6 0.3154991258157218 0.5852716919557748 0.2051432418823252 0.1179885733609078
6 0.4847845085247119 0.2841439019335031 0.14426028896022594 0.1204045013526354
6 0.7293329439936456 0.016467147955138428 0.13820911201270897 0.032934295910276856
7 0.3921068957045195 0.9397768312778663 0.21599892126547413 0.11342834269572606
7 0.23818224391421533 0.2713915526336833 0.21196598620028234 0.1508737986950896
7 0.5840410255741358 0.8625587085853219 0.09546823295387145 0.09952838001272682
7 0.9188124553577314 0.08091945194145725 0.11862508928453722 0.1618389038829145
4 0.8983705324739948 0.9331048292091421 0.1715125357138149 0.07073176535645373
6 0.9020506858825612 0.8565150572088239 0.16786143019392769 0.13005222135581712
6 0.9638473023594971 0.8065872352005516 0.04579551542127547 0.11769657733927233
6 0.9640030353133685 0.708167916534097 0.04892051542127547 0.1177329400063634
4 0.9350928311734531 0.6639821118714605 0.108268241882325 0.11686133068109025
6 0.9414752447282895 0.6115747272040514 0.09757620373287815 0.130796561346272
6 0.5448342495995535 0.7817814232575035 0.20774213636243816 0.17738175469445316
7 0.020889603898329286 0.6746363733290911 0.04177920779665857 0.0505090773392725
6 0.026945140426218428 0.6042511479949093 0.039607970779006796 0.03170453333863606
6 0.06820977597622997 0.688925592655955 0.13641955195245994 0.09378745735199914
7 0.20321949391751062 0.7529506353039559 0.055860262174864596 0.06782384667409058
6 0.7023194671321494 0.7986951085694136 0.2419183133099551 0.25588856269890775
6 0.7944739651035546 0.8890104785566869 0.18427736282348767 0.17554653469127146