6 0.75390625 0.17421875 0.2234375 0.134375
6 0.87890625 0.26796875 0.2390625 0.2703125
6 0.62890625 0.36796875 0.2359375 0.2578125
6 0.44140625 0.25703125 0.203125 0.1984375
6 0.27578125 0.3828125 0.234375 0.309375
6 0.22265625 0.66796875 0.2546875 0.2625
6 0.2671875 0.86875 0.18125 0.259375
6 0.403125 0.7515625 0.15 0.284375
6 0.51484375 0.8375 0.1875 0.325
6 0.67734375 0.734375 0.19375 0.3125
6 0.8578125 0.8984375 0.284375 0.2
6 0.85546875 0.6953125 0.2515625 0.3109375
6 0.60234375 0.5453125 0.0984375 0.153125