6 0.11402509680198729 0.27230879825263876 0.1608112767345796 0.2505844943004168
6 0.2054318676828344 0.13582447796416647 0.3046430899662962 0.267992812689028
6 0.32818252469147613 0.3852770044653122 0.29375104176169425 0.27555073955076415
6 0.2230718021134268 0.5947266992788192 0.2263362827847038 0.2349244331300003
6 0.3674161788714475 0.7577507632990275 0.34689422247985346 0.27991223765090306
6 0.6734616457921561 0.7857789654276383 0.2985658067888089 0.2975348423243059
6 0.8675752601553409 0.7187693841212492 0.2574862888348278 0.21846428495361145
6 0.7503928262157278 0.5863588872553813 0.31510789129415606 0.18699738582729192
6 0.8253388049420971 0.45963142667430484 0.3450499213483855 0.2314383700597226
6 0.7130165878249969 0.29742432703489524 0.3466396924256241 0.23616223765090308
6 0.8710932291191529 0.12553767534312468 0.22656354176169416 0.25107535068624937
6 0.6593608435805335 0.13106358957142342 0.3500283128389331 0.26212717914284683
6 0.5179399162802197 0.3957020921368746 0.16942268657189175 0.11955269984750014