1 0.4274321919346448 0.5498757175098838 0.09127950585373253 0.11302724082661779
1 0.3905624092481369 0.2555490005891752 0.09288745764913058 0.12084883118569749
1 0.5168981711519935 0.3501297266832659 0.10238972267624522 0.14277837334017515
1 0.5683970386384363 0.33889224483363856 0.0615647347764936 0.10816702400410509
1 0.5696873487468949 0.42638769965409873 0.058176114363184796 0.06283634328594587
1 0.6007833335233885 0.5340229376520462 0.06129202400410509 0.06129202400410509
1 0.6494753635776178 0.5774911365205782 0.03928975897699054 0.03928975897699054
8 0.3120152284317818 0.3177268137226959 0.1277442466803503 0.20386131908544902
1 0.6232492068635637 0.6354581726249316 0.06655221662612103 0.15975679508134383
1 0.5272447978118184 0.24850359416970863 0.06606133723582168 0.07538179508134393
6 0.571632164709086 0.626383154474559 0.04437723477649378 0.10806703005422928