6 0.7643566006862494 0.7411730206141313 0.39978963297750025 0.4028418977951393
6 0.8716346913950346 0.1913165313477076 0.2151574469977085 0.2533107572181946
6 0.871775589287083 0.42009549477857566 0.24110169794763897 0.22736650626826407
6 0.9313473449866662 0.5779976073357631 0.11410278685347244 0.205670731382639
6 0.6788666163569095 0.1633851270904859 0.317266767286181 0.3267702541809718
6 0.6651067087781245 0.47644033301881883 0.2893599728332642 0.3549836664125003
6 0.4899625448341663 0.4196123708222218 0.3343854513661116 0.5449917237831947
6 0.4774540530992007 0.8563856722089926 0.4264586229095141 0.2738453820275698
6 0.1920238458396875 0.1494330362847915 0.384047691679375 0.288633927430417
6 0.15314122416444437 0.35419392467753463 0.30628244832888873 0.3228621506449308
6 0.08682393351124984 0.5986537459159373 0.17364786702249968 0.41831750816812524
6 0.18719730148368002 0.6124960807377081 0.1823449469977086 0.25254703780340293
6 0.1371557082094437 0.8838268732907638 0.2552369331300002 0.23081881458888914
6 0.24070220155992997 0.6955800312507984 0.21857208130638908 0.19873235999173638
6 0.27692541660631864 0.9508481062889234 0.10665134992375007 0.08681162860909737
6 0.48334299002892306 0.7375629370266316 0.21388458130638915 0.19862325721819474
6 0.47552341080982624 0.16774139950756903 0.18688567021222227 0.17925500816812515