6 0.73639460163618 0.7815468565645446 0.3709736487450698 0.36617146330647155
6 0.9098243692067012 0.243891799579344 0.17416877108590292 0.2337942587805987
6 0.8833300319163884 0.47604576942691884 0.21566528685347244 0.20435219847574845
6 0.9317278982732979 0.6452724923977516 0.1091970813063888 0.19435905405833437
6 0.7358251311745485 0.16835196497580102 0.288959929330278 0.33288626463433124
6 0.6742271356398607 0.49913433236404786 0.26083492933027796 0.33272263817089803
6 0.5090580369503817 0.41338825078556696 0.2886729078631253 0.5219214935570923
6 0.43128756791683953 0.8684666362259904 0.40912565254479194 0.26015781264254156
6 0.21640625 0.10623636446138059 0.4328125 0.21247272892276117
6 0.16233503941892355 0.29200971711710033 0.3246700788378471 0.2909623850476401
6 0.07356152051722209 0.5276750272255589 0.14712304103444418 0.4071499455488821
6 0.17993096856177035 0.5590335906536672 0.16330400626826408 0.23685562626704132
6 0.10173715264170109 0.857952879684887 0.20347430528340218 0.27159424063022614
6 0.22149891309093697 0.6525290605994379 0.2041459053945834 0.1792885659621911
6 0.21802319529166586 0.9361046298812787 0.09804006933854179 0.11774201190385654
6 0.4570896145539577 0.7331785760193361 0.1978959053945834 0.17925220452587248
6 0.5298478881084027 0.15783314237431054 0.17405836189159735 0.1619283491396783