1 0.1359958753978152 0.47424095501685193 0.0743283853437268 0.07698974687674198
7 0.6904550140435889 0.317098537184508 0.10877611067790856 0.08343973477649361
6 0.7650641153723619 0.28306844994868635 0.036464758672817864 0.04552157825883123
6 0.46500957137172544 0.28012629889197294 0.0788704346753633 0.0645170179539809
6 0.5058351133831795 0.36426949473544273 0.07908861067790855 0.0832670179539809
1 0.07967315006363343 0.46831820794371815 0.04740225867281789 0.04558521077238851
1 0.08784927673454232 0.4995227561483201 0.0631908906747269 0.0597386143631848
1 0.10328392007476928 0.5502176477370637 0.05993862133990877 0.048782933645025395
1 0.050577090746314515 0.5864642199457707 0.07089430267345423 0.05040906615858276
6 0.047551540738360334 0.5278841054843901 0.03161362667090889 0.03143180718159222
3 0.2888230727641319 0.7163370305452086 0.042605670671545234 0.03618293969514959
7 0.4699623427354968 0.5043314133533535 0.09789315467854501 0.08806360226293641