8 0.8095821367727705 0.48046875 0.1278364480508351 0.1625
1 0.7744918908299603 0.29765625 0.05098184740221221 0.05625
1 0.7776674837679456 0.25 0.048901150162155814 0.0265625
3 0.8306227086041421 0.0359375 0.08357615909060953 0.04375
8 0.6421280353133685 0.71953125 0.14918534253094826 0.221875
7 0.9098781915613088 0.41875 0.05928527110331814 0.084375
8 0.637979466721817 0.1515625 0.0381545649348082 0.0375
8 0.7462858810940229 0.92890625 0.08321369480442442 0.1125
7 0.6836508823085437 0.4890625 0.0530625446422686 0.0859375
8 0.9596538693196048 0.2078125 0.06068412986961604 0.075
6 0.9633867954563428 0.2625 0.06575345941492117 0.096875
8 0.9377766895294186 0.02890625 0.051835235389503256 0.015625
1 0.7660244204546952 0.021875 0.06907728246740419 0.01875
1 0.6475920202925394 0.0484375 0.03500229139585791 0.0359375
7 0.6318446948077198 0.36875 0.03524775324641087 0.05
7 0.6226627893705583 0.53671875 0.0530625446422686 0.0859375
7 0.6813233543086616 0.98046875 0.07568183847375849 0.0390625