8 0.534375 0.8202502161837504 0.1671875 0.13357883225631967
1 0.71875 0.7886040919430561 0.0578125 0.051345600873680654
1 0.7671875 0.7936377372696535 0.028125 0.049092116641249996
3 0.9703125 0.8507092741231258 0.021875 0.08488414627652788
1 0.00390625 0.7289971689779514 0.0078125 0.032994337955902786
8 0.29609375 0.6451729085287156 0.225 0.15367443313000012
7 0.5953125 0.9232310522397921 0.084375 0.06290134992375015
8 0.86953125 0.6530510644919799 0.0390625 0.04153418977951393
8 0.08203125 0.7448780485369793 0.1140625 0.08546733415618064
7 0.528125 0.6927609958190282 0.090625 0.055234320288472284
8 0.8078125 0.9738083612260073 0.075 0.05238327754798533
6 0.75078125 0.973008274220035 0.0984375 0.05398345155992992
1 0.9734375 0.6664070093054869 0.0359375 0.03677395459715278
7 0.65 0.6432539179311116 0.05 0.037101262917777864
7 0.48046875 0.6299330342880213 0.0875 0.05516158510611113
7 0.02578125 0.6795063152544791 0.0515625 0.07776263050895835