1 0.16469511967847286 0.7630612873386681 0.07187630642076392 0.06841480925276536
2 0.23440428837208382 0.5680157942385269 0.202292464665139 0.1690887394466932
2 0.3606745412218754 0.48609186404459903 0.16668227298576407 0.1825239480508353
6 0.6083515878589936 0.6169798051988709 0.23346972948277803 0.1665092102256999
6 0.6442676380114933 0.44753432995563713 0.13208906743868062 0.17254893019392786
7 0.8493636732494452 0.8980450243563197 0.19782317021222226 0.17838191882984233
0 0.2667517421162153 0.012852781656625182 0.07725348423243057 0.025705563313250364
7 0.08948083339368136 0.9566397378251354 0.06537173328250004 0.05736821509696384
1 0.34262140434774374 0.8185731274372795 0.06082970364722229 0.06353639448011279
1 0.3736558116421883 0.9430822037361735 0.1460047906531945 0.09938416558343129
7 0.582835909478646 0.25946731412732454 0.24070296086541704 0.275966030842551
7 0.48437575930548693 0.9653781692401745 0.09967399810013902 0.05484323295387128