1 0.8028180462605313 0.8373985861556672 0.07937958279171582 0.07232951795398108
2 0.7554543023496112 0.6301128061014378 0.21884327759614006 0.1856294695529872
2 0.6373025458567894 0.5294355743500063 0.1831239659077429 0.19792039129415606
6 0.3725872552717105 0.6247606681269315 0.24850350405718977 0.1842396863754999
6 0.3562513689092724 0.44968340007475477 0.1453512305182394 0.1820772226762452
7 0.10890045088691387 0.8685141715447771 0.19080009821299115 0.19015334308955403
0 0.7884409370937867 0.05848779097612733 0.08061480032431163 0.05358860831306052
1 0.6158498802700628 0.866776493066113 0.06679776217486459 0.06756929508134384
1 0.5715152735323598 0.9654578701187212 0.15125458279171564 0.06908425976255757
7 0.4398200251605081 0.26971916500367354 0.26609219886161417 0.2968305899662962
7 0.45693062215238794 0.9800379997054124 0.10229888555165907 0.03992400058917518