1 0.6853127665500054 0.8472382751670988 0.11246473201781733 0.1331864212654743
7 0.4012666725811857 0.622555469564486 0.12291133601209037 0.09118983603812651
0 0.6770201032384134 0.687259303170276 0.06651588534372674 0.0777079886359143
7 0.6225000666375013 0.203934334419864 0.194151084022908 0.17210464529089187
6 0.4486176713080921 0.17806908401282692 0.059956802673454136 0.05103639448011292
6 0.5479642379853643 0.09822585105895551 0.10299882535009015 0.1252102800317721
6 0.476007969326864 0.04412432670593097 0.144859061346272 0.08824865341186194
2 0.35032671666136384 0.0337371387997177 0.10859429734245421 0.0674742775994354
2 0.20894609663431965 0.23458568547222894 0.1405170066836355 0.12742734496658023
2 0.3536500693030014 0.21721913311932245 0.10612382535009016 0.1252648271096728
7 0.09567393730109239 0.23578176704612858 0.04266021467218155 0.041361385551659156
1 0.17085629797900098 0.1516737739459874 0.04106135200509069 0.038209112012708865
2 0.15941990599140948 0.060485712257590155 0.08851815467854492 0.08902731818121905
6 0.0820397933243186 0.06496075243563199 0.11816929201145403 0.08642051542127549
2 0.025490348663272884 0.0995499866073194 0.05098069732654577 0.10090002678536121