6 0.425 0.59609375 0.06171875 0.04453125
6 0.68359375 0.34375 0.0671875 0.04296875
6 0.8484375 0.34453125 0.02265625 0.02734375
6 0.64609375 0.225 0.021875 0.028125
6 0.765625 0.41953125 0.04765625 0.04375
6 0.434375 0.34375 0.0390625 0.03125
6 0.44765625 0.303125 0.02265625 0.02890625
6 0.43671875 0.384375 0.03515625 0.028125
6 0.4375 0.42890625 0.04140625 0.034375
6 0.10625 0.525 0.034375 0.0296875
6 0.171875 0.321875 0.078125 0.07578125
6 0.565625 0.065625 0.01796875 0.021875
6 0.4390625 0.07109375 0.0140625 0.0109375
6 0.4640625 0.0515625 0.01171875 0.009375
6 0.4703125 0.16171875 0.01796875 0.01640625
6 0.278125 0.26875 0.05390625 0.05625