7 0.38290836282678303 0.3168498464083684 0.04061709172016936 0.08997168977951393
7 0.5979333449698755 0.35624357399128526 0.07258411201270895 0.04229790919430556
2 0.6304088798729116 0.42108797720166724 0.11668866801906326 0.06362870174736113
7 0.7805337905883742 0.5965270011373617 0.09349662986961622 0.07714568787965277
2 0.5663701047124035 0.686893508736806 0.0874375446422686 0.08793771751493047
7 0.6951967138857384 0.873560320191563 0.12663641233702042 0.09665940729444458
2 0.7273546489509304 0.9017320330537503 0.2521194277582957 0.1965359338924994
1 0.696439839698165 0.972808252468542 0.05903980925276535 0.054383495062916155
7 0.742987557230761 0.9920492149494795 0.06776024431795716 0.015901570101041075
2 0.5831313161592148 0.972806946047778 0.1011727621748646 0.054386107904444
2 0.3818239606393276 0.9162868019554518 0.09565914772652384 0.11155705547083343
6 0.32088646063932763 0.91486846589941 0.08170574188232518 0.11747974715020817
2 0.22189558158049022 0.8547284400638544 0.08560230925276535 0.07227634992375016
2 0.21677743344692932 0.7897392196991321 0.08453073295387145 0.10036498233256949
7 0.17696095698587966 0.787249346124028 0.0492557061685102 0.048002395326597204
7 0.3620371607187579 0.6618168542921531 0.08253185633066593 0.07532861474138883