6 0.6734893072883656 0.3391316080919503 0.1575601507001803 0.24867495202099904
6 0.5050858473106374 0.1730873427354968 0.2117022106938169 0.2024362986950896
7 0.31077277331318276 0.15207376670908895 0.2722044533736345 0.3000021893698165
2 0.49913146057450425 0.6848060927354969 0.21206583736472578 0.23368629869508978
2 0.4613240199315941 0.509342468730088 0.17525563335454458 0.15826812802354445
7 0.9265972206397285 0.20924630279276696 0.14451471069381688 0.2016545013526354
7 0.9445995965945488 0.5423133414624031 0.09967383068109044 0.10739542401336308
7 0.9402917152291866 0.7782326601288576 0.060520424013363085 0.09912839067472685
1 0.8705433839115496 0.6617804094525399 0.11237382535009033 0.12472837468172653
1 0.7314536119112314 0.6625060207669954 0.061773841343090476 0.07258407200827222
7 0.8082860952021423 0.9708061327179976 0.12734429734245403 0.05838773456400474
7 0.39031482264481915 0.16550101471990666 0.06638861600890866 0.06638861600890866
1 0.5979309452180507 0.856291288749178 0.06631589067472703 0.060138616008908484
6 0.43894103727722983 0.4184447487269063 0.05697725334181776 0.06315452800763595