7 0.6068681816449646 0.6536406888113869 0.10230194906292792 0.13338519262201592
6 0.31856917742182256 0.3034669302271799 0.24454693652651552 0.24356923458010185
7 0.9582906261555462 0.794771245502 0.038318353919208195 0.028343168617910662
7 0.9592848248227626 0.8143115858610794 0.03560253087881229 0.04238748789975162
2 0.9658925259972616 0.8557632876564776 0.01993206677218993 0.04073408430895533
2 0.9204580055432903 0.8328388720636288 0.07534699247815269 0.06605224687674216
2 0.9328299734108366 0.8641661401158057 0.05600595909205808 0.04563066256778683
7 0.9061478014657975 0.9218331943705318 0.02935253087881229 0.04235112646343318
2 0.8594175539730801 0.943440028777683 0.04782974623907634 0.033085210772388504
6 0.8069828757598346 0.9462605017485158 0.04764788981258548 0.026835210772388506
7 0.783280951307513 0.9820661915418615 0.04318771034569906 0.03462043969514994