7 0.02318244906492358 0.41917273985373027 0.04636489812984716 0.12584547970746057
7 0.33743025966436146 0.420775744721699 0.042642017953980905 0.07886138555165907
6 0.32590643150372617 0.5213660799490466 0.09124314441741399 0.10783186525911966
2 0.7191473713952675 0.6157390117645323 0.11141928903121964 0.08474892126547413
1 0.5530911002198329 0.552678129866321 0.08012383723582168 0.07639095048646727
7 0.711871202580965 0.5234151440697806 0.1101749515990063 0.13940914772652385
2 0.8694569644848216 0.4308436347342897 0.13520222267624504 0.1445330243497292
2 0.7081341659856322 0.22566343668345437 0.12270222267624523 0.1443148360381265
7 0.8022614158874364 0.16245609902047473 0.04408634328594587 0.058576159090609536
7 0.858615955016852 0.145469196422687 0.0755181504675381 0.0903716298696163
3 0.9494904190106943 0.23847094845128186 0.06759656615858275 0.07148526217486459
2 0.902034156910446 0.20326410551329652 0.05363406010845893 0.08842730032431154