7 0.3390625 0.3640625 0.08046875 0.03046875
7 0.359375 0.5640625 0.03359375 0.06484375
2 0.4171875 0.59765625 0.05078125 0.103125
7 0.5671875 0.74609375 0.06484375 0.08203125
2 0.66484375 0.55546875 0.07421875 0.07421875
7 0.8265625 0.6859375 0.0796875 0.1109375
2 0.865625 0.71875 0.1921875 0.21875
1 0.94140625 0.696875 0.08671875 0.0484375
7 0.9640625 0.73984375 0.071875 0.06015625
2 0.94140625 0.58984375 0.071875 0.0890625
2 0.88828125 0.4015625 0.09609375 0.08203125
6 0.890625 0.34609375 0.103125 0.0671875
2 0.8421875 0.2515625 0.06015625 0.07421875
2 0.78359375 0.24296875 0.08671875 0.071875
7 0.78359375 0.20546875 0.040625 0.04296875
7 0.65625 0.36640625 0.0625 0.071875