1 0.6266730587216169 0.8933389930661131 0.07781877461060631 0.09731133723582168
7 0.5333309210206024 0.6920486829576544 0.09330738229073816 0.09271474082661797
0 0.3605309523616332 0.41765215007475476 0.06302884890464337 0.0722295240041051
7 0.2688602779093115 0.38118740924813693 0.049710494985435005 0.044031801131468117
2 0.2606409494586393 0.2866243429913583 0.04767663354437941 0.08151362041330898
7 0.15451898159109292 0.3172516533944044 0.06610838479802066 0.07068520472226432
2 0.15229124036658157 0.24068915339440444 0.08793792069139794 0.06924996974937896
2 0.3010720696751836 0.17281637304558756 0.099875631037097 0.10368860226293633
6 0.23268578252816505 0.18491639724608439 0.06871655925034226 0.10663179508134393
7 0.45768578252816505 0.18622540895354933 0.11986988229073817 0.09286927693097136
2 0.4583102566639175 0.10030608967170855 0.08182431301126591 0.07390110831306052
2 0.6766139757851052 0.059395785122394865 0.08710284639736088 0.09424087939029938
7 0.7353417695960414 0.1448792880492611 0.07842652837152997 0.06450792759490129
7 0.9963247337026641 0.3393661280155572 0.007350532594671932 0.09852840359079611