7 0.03886545129724624 0.2120909199952275 0.0724943831160272 0.12581816000954502
7 0.27021308847375847 0.03592621996341078 0.10879434740221221 0.05750451201463569
7 0.2106467682606493 0.33902449530554674 0.12156708279171564 0.07327496268299924
7 0.11516231330665978 0.7331841226527734 0.17803527110331835 0.08642949069063519
7 0.09678228043221862 0.8888983206556368 0.12273984496658027 0.14046246268299925
7 0.6224024744291595 0.38111780458309474 0.0999375446422686 0.087082924013363
7 0.7151921720762531 0.2354774932368226 0.09280688311602728 0.12605451734563583
6 0.2985928275134146 0.40832793129377454 0.035275026785361166 0.05196248933799978
2 0.43633869480442444 0.10744558927436636 0.11430005357072233 0.10443405601527203
3 0.11019416963732578 0.806694347986955 0.1530625446422687 0.08770108935390794
7 0.5880059293798536 0.4698172252546399 0.07641822402541756 0.08212270401018137