4 0.5329736648072818 0.5494314178549111 0.10672269867214013 0.08434155925034226
7 0.6729224748175445 0.6977288623654925 0.039498837235821684 0.07613660266556703
6 0.5679213574292977 0.6468687075092122 0.05803066861791084 0.039182171945039104
7 0.5330453459182245 0.29313595374828844 0.05172612646343318 0.029625315518548412
7 0.6163957397464633 0.7861070522572204 0.04554884933607006 0.041943459092057725
7 0.6680809595940381 0.8057004867386718 0.04397725897699054 0.040335494985435004
6 0.560408839278925 0.6986585280423255 0.08007838544042353 0.06950616943775678
6 0.8337473870907435 0.9423102734899789 0.1316408854404237 0.07100648495630538
7 0.7427996793434172 0.8894784416740945 0.12083065046753809 0.09256323620994636
6 0.547205378211949 0.8467239550019297 0.05509656615858276 0.07190374373179367
6 0.46858949882164963 0.7646221603330636 0.03928066861791084 0.03863660266556703
8 0.6370460029268662 0.037723376551257445 0.02528180113146803 0.049164925705962904
6 0.7582741675377563 0.7288448185545564 0.050254530054229286 0.04520485141192587