1 0.9274685298227091 0.8215099454566761 0.13197865824437507 0.09994655068427179
0 0.7270321187285423 0.8004327347628593 0.08473998233256949 0.08377611067790838
7 0.6834204037790629 0.4367424047580867 0.09095361474138883 0.08228633601209037
7 0.20837173128572978 0.7311334633593171 0.17496755167111128 0.20198176535645357
6 0.08803974106937555 0.6617829320098633 0.10694229065319454 0.0980931493475449
6 0.049030486035382445 0.5965028300047726 0.07314917211208344 0.12269316000954511
6 0.17595535552642408 0.546431199355499 0.04665810087368061 0.05833975867281786
2 0.22586247691732675 0.4423527740292714 0.1272547906531946 0.09832950668363552
2 0.0461210787409379 0.47150283000477256 0.07256729065319453 0.09769316000954512
2 0.22100870991548635 0.30092834269572594 0.11064917211208343 0.1231295120146357
7 0.22574880167111128 0.20257265869668045 0.04149782218833335 0.03797271467218159
1 0.14046657152274328 0.26328234468490824 0.04771145459715278 0.03648294000636341
2 0.06101546086541689 0.2725113466740906 0.09556837955902786 0.07921588001272664
7 0.046024934079930725 0.19891930533895427 0.08521276101791675 0.10408861067790856
7 0.08092530452090288 0.12122156667727224 0.08626611474138897 0.082231792011454
1 0.13297811379145844 0.10933064135104464 0.04774782218833336 0.03804544000636332
7 0.14129845364722227 0.06412722935231731 0.04473192496187504 0.04269657733927246