1 0.18709037265277337 0.10343913826909393 0.09994655068427187 0.13026019262201594
0 0.19964327462604733 0.3004004966803503 0.08377611067790855 0.08329428903121974
7 0.5569830599538658 0.3431071889095828 0.08384883601209037 0.08954428903121973
7 0.2468229785566869 0.8116470688890572 0.20198176535645346 0.17147606596219092
6 0.3110752878740058 0.9299976139704013 0.09965564934754481 0.10526019262201594
6 0.3739292765356878 0.9661774997545104 0.12267497867599957 0.06764500049097925
6 0.42771844255255076 0.8431703005422928 0.05677725867281787 0.04563975292686635
2 0.532987745226005 0.7937793546006274 0.09989200668363551 0.12557269262201592
2 0.49656734520214235 0.9677402601949339 0.09921929734245402 0.06451947961013219
2 0.6712235418921413 0.7984901013791734 0.12312951201463562 0.10852154800821019
7 0.7689343358927777 0.7943707488216496 0.037954533338636055 0.039280668617910665
1 0.7054525438813236 0.8783821344584648 0.03648294000636341 0.04708407825883114
2 0.6935968865372787 0.9550589738941888 0.08077838001272664 0.08988205221162246
7 0.7653718892027788 0.9638277133064713 0.10401588534372674 0.07234457338705731
7 0.8430610845401422 0.9369991312370111 0.08377611067790838 0.08329428903121965
1 0.8577235685471418 0.8855184444687275 0.03804544000636341 0.047093168617910665
7 0.9023548158816418 0.8771837697024967 0.041134077339272324 0.04398634933607006