2 0.5359375 0.24296875 0.171875 0.190625
1 0.9046875 0.321875 0.10703125 0.11484375
7 0.88984375 0.7640625 0.1484375 0.17734375
6 0.64375 0.60546875 0.14765625 0.21640625
2 0.47734375 0.396875 0.16953125 0.1390625
1 0.77265625 0.30546875 0.0640625 0.059375
7 0.95390625 0.4328125 0.0921875 0.09375
7 0.88671875 0.0234375 0.07890625 0.04609375
7 0.29609375 0.69921875 0.23359375 0.2734375
6 0.47265625 0.7046875 0.2015625 0.1625
6 0.7125 0.07734375 0.05078125 0.08046875
1 0.68515625 0.11796875 0.05546875 0.05078125
7 0.96484375 0.7203125 0.06953125 0.096875