7 0.38515625 0.90703125 0.2109375 0.1859375
6 0.55703125 0.80078125 0.13828125 0.18515625
6 0.45234375 0.63828125 0.0484375 0.0625
2 0.4453125 0.5265625 0.16328125 0.1390625
2 0.4296875 0.34296875 0.18046875 0.20703125
1 0.60234375 0.29140625 0.0453125 0.0484375
1 0.71640625 0.2578125 0.09140625 0.07421875
7 0.6171875 0.01484375 0.06171875 0.0296875
2 0.86875 0.225 0.06953125 0.0890625
7 0.83046875 0.3609375 0.08203125 0.0625
2 0.92890625 0.37578125 0.0890625 0.1109375
2 0.96484375 0.2921875 0.06953125 0.0625
7 0.86875 0.62109375 0.09140625 0.15390625
7 0.4578125 0.13984375 0.040625 0.0546875
6 0.6546875 0.5984375 0.13203125 0.18203125