7 0.1453125 0.0984375 0.053125 0.06484375
2 0.06640625 0.240625 0.12734375 0.12265625
2 0.1875 0.5046875 0.08671875 0.16796875
7 0.0484375 0.921875 0.09609375 0.15625
7 0.27890625 0.4328125 0.07421875 0.125
2 0.3296875 0.41953125 0.07421875 0.09140625
1 0.3125 0.34765625 0.05078125 0.09140625
6 0.5171875 0.4671875 0.0984375 0.0984375
7 0.74296875 0.46015625 0.05546875 0.053125
2 0.671875 0.5796875 0.0890625 0.08203125
2 0.63203125 0.78125 0.071875 0.15390625
2 0.7875 0.7125 0.071875 0.15859375
2 0.865625 0.865625 0.17578125 0.22109375