2 0.38359375 0.52109375 0.0578125 0.10390625
7 0.26875 0.56171875 0.08125 0.0984375
7 0.85234375 0.3859375 0.0421875 0.08515625
7 0.503125 0.6734375 0.07578125 0.075
8 0.58125 0.60859375 0.10859375 0.0828125
8 0.490625 0.55234375 0.103125 0.06953125
6 0.58203125 0.3203125 0.05859375 0.0546875
7 0.57265625 0.39609375 0.06796875 0.01875
6 0.171875 0.39609375 0.0515625 0.028125
6 0.45 0.35703125 0.065625 0.034375
7 0.66015625 0.22265625 0.01015625 0.021875
7 0.74453125 0.42265625 0.021875 0.04609375
7 0.96875 0.6625 0.0328125 0.03515625
6 0.6265625 0.30546875 0.0421875 0.0234375
6 0.5171875 0.38671875 0.03203125 0.01640625
6 0.80859375 0.41875 0.07109375 0.06796875
6 0.3546875 0.59921875 0.13515625 0.0875
6 0.346875 0.50234375 0.07265625 0.07734375
6 0.0703125 0.5421875 0.04453125 0.03984375
8 0.45546875 0.38359375 0.02109375 0.015625
7 0.728125 0.38203125 0.053125 0.0421875
1 0.734375 0.13203125 0.02265625 0.02578125
3 0.6765625 0.1609375 0.0203125 0.021875
6 0.66171875 0.13515625 0.0796875 0.03125
6 0.81953125 0.2078125 0.0203125 0.028125