2 0.6148572194064057 0.5276582065788425 0.07474655601527189 0.11378185633066593
7 0.7248958380808144 0.5827803088523188 0.0950408746817267 0.11257391233702041
7 0.16251182737904335 0.3339504857965405 0.05732269867918123 0.09316934740221221
7 0.4758049047580867 0.6652690750843732 0.0869192920114541 0.08587504464226861
8 0.40540095074790533 0.5914827475676633 0.12145792401336308 0.10053756249917623
8 0.5033202827418602 0.5452332646137918 0.11348179201145392 0.08633869480442442
6 0.44109990404199806 0.3017384090939048 0.0679329346753633 0.0652352621748646
7 0.44121863005249756 0.37909579586337994 0.07063976400381797 0.02935230925276535
6 0.8434356580601335 0.4283364963531426 0.055087489337999784 0.03532957386326192
6 0.5698703413828614 0.35497072889997694 0.07082157733927233 0.04497730925276535
7 0.37655505136058964 0.19424923742139358 0.012772720003181703 0.023655688311602717
7 0.26624590205281573 0.3844941822258181 0.028706802673454223 0.050490923701106104
7 0.017110610081132634 0.5974789719968229 0.02076703333863612 0.0394170560063543
6 0.39866695603913455 0.28138104464556396 0.04565794533736343 0.030478432629559828
6 0.4974413580521794 0.37577019846116777 0.034611357336090796 0.020912517856907443
6 0.20203795138445219 0.373112397322782 0.08215906667727228 0.07954322402541765
6 0.6337804894175416 0.6093758108809137 0.14967383068109025 0.10884098620028233
6 0.6537651780712694 0.5136951181050841 0.085393154678545 0.08897277110331832
6 0.9265492447485417 0.587074522327725 0.05054544000636341 0.047747753246410875
8 0.5600140833863613 0.3809292569031541 0.023655676002545433 0.019159103084255058
7 0.28767545938095235 0.3458311026805133 0.05995680267345431 0.05103639448011297
1 0.31366360534690846 0.09454529220993199 0.025327264003817972 0.028561376623205438
3 0.36721586668522643 0.13033674188562044 0.023728401336727066 0.025409103084255057
6 0.386465306015272 0.10577707264874119 0.08486589600572705 0.04366027110331836
6 0.21829710868872626 0.15872261485537792 0.02380112667090888 0.031659103084255104