2 0.41328125 0.5984375 0.1078125 0.14921875
2 0.49296875 0.73671875 0.1078125 0.0890625
2 0.09375 0.86171875 0.1515625 0.18046875
2 0.7609375 0.5359375 0.084375 0.12734375
7 0.803125 0.44375 0.071875 0.06015625
7 0.83046875 0.603125 0.071875 0.13671875
7 0.79296875 0.71640625 0.09140625 0.13671875
7 0.88671875 0.71484375 0.1390625 0.16796875
2 0.8703125 0.85546875 0.2234375 0.27890625
2 0.80625 0.06484375 0.06015625 0.0671875
2 0.85390625 0.24609375 0.090625 0.12265625
7 0.94296875 0.221875 0.1140625 0.125