2 0.5671280299172765 0.616056640077951 0.17183973201781733 0.13323176535645337
2 0.7241870992600488 0.5483435234324954 0.10770450668363551 0.12623633068109025
2 0.808531543205006 0.9494851160486796 0.20596019334818116 0.1010297679026408
2 0.5434029126352742 0.23760437607413296 0.1480931493475449 0.10639654535327177
7 0.4502983499761374 0.18104474606140625 0.07285679201145392 0.08521134134309043
7 0.6238722099777283 0.17134412408495064 0.1557783800127268 0.09554995202099903
7 0.7404506353039559 0.225051474100859 0.15754087468172653 0.11275563335454448
7 0.7501988999840916 0.12593272143535894 0.19727608402290783 0.1710226666931806
2 0.8669409573122284 0.1655775714512673 0.26553628270208945 0.2639919640356347
2 0.05862901798218264 0.13194998134149963 0.05548747867599957 0.06938634667409058
2 0.24727389465309155 0.1028908320337257 0.14189769334818117 0.11101132001909005
7 0.2277250106620002 0.03702947469763494 0.14454997867599956 0.07042268268618092