6 0.6259282583878153 0.4136143311189578 0.05353406615858276 0.07154899810013901
6 0.3343730592246958 0.6634020044653122 0.05356133723582168 0.07623649810013902
6 0.31819004390299355 0.8364582979682984 0.031413626463433084 0.028852351823611143
6 0.2137514870159888 0.6130773089862152 0.031404536104353474 0.027289851823611145
6 0.4052355259490127 0.7562967128621871 0.05188066256778665 0.055887630508958355
6 0.36019417407885984 0.4010468216196525 0.03775453005422928 0.044622822188333446
6 0.31649871623333753 0.4114401141727081 0.032967036104353475 0.02732621941479163
6 0.40242258069471815 0.40709614665777744 0.033048849336070066 0.04138871941479181
6 0.44932939695149676 0.4114738689223607 0.040897710772388504 0.04782055737069442
6 0.5840891745698392 0.07157295469406201 0.03461134933607006 0.04142508700597225
6 0.3640493853422277 0.12357578505052054 0.0880272408266178 0.09266158510611118
6 0.05534356849627385 0.5144066856954513 0.025127265027114643 0.022456881458888845
6 0.07332997833358597 0.38272027460128466 0.01416249394987581 0.017514808320625085
6 0.050814628899320036 0.4074663546734028 0.011019313231716565 0.014317073138263936
6 0.16498166802873565 0.42278027051722206 0.01886817466803503 0.02074891109416672
6 0.29747548458010187 0.23060834147128445 0.0659886143631847 0.06402743882958344