7 0.44661062870600654 0.5121757296101321 0.05697865824437507 0.09875566256778665
6 0.37530585847312486 0.1524830879231927 0.05646951196784737 0.07688066256778665
6 0.29202123299815963 0.13968817213395224 0.07253092306201392 0.09572156615858281
6 0.8534672260643055 0.1481389380448297 0.05901263050895835 0.05189884328594587
6 0.8292471696435415 0.21545824825148413 0.10287303970326392 0.12401928298109555
7 0.5108926406738539 0.4352496152469475 0.10290810087368066 0.05840337334017516
7 0.5409964083412844 0.5178757628858153 0.04237064437666689 0.07523634933607007
6 0.02527079730270826 0.0889034187161067 0.044296820288472295 0.09087043969514967
6 0.6121648531547914 0.41356953708631217 0.04029899810013902 0.05335225897699036
6 0.591180859138715 0.3754155521134268 0.04029899810013902 0.05335225897699036
6 0.38057066745934 0.3625802505891752 0.04836607123840277 0.0643352107723885
6 0.35780662110656225 0.30022115115490927 0.053344511967847286 0.07686248184962743
6 0.3145475835874998 0.27938193120913857 0.04822060087368065 0.058085210772388506
6 0.8579683156357287 0.39104860071081216 0.09055357123840295 0.06458065046753828
2 0.670718316301319 0.6163263775435877 0.12870818787965277 0.09292381908544911
6 0.7356945785535066 0.34176673907810196 0.18499455547083343 0.09481357201231529
6 0.7774989124253469 0.4251059590238727 0.08117857123840277 0.06452610831306042
6 0.4513741299402775 0.34107743443059235 0.10519795269729179 0.08966246369925476
6 0.921272321903993 0.1547747574248663 0.07256729065319475 0.09728406615858276
6 0.19962717914284683 0.48471030152425165 0.048911585106111134 0.0877727107723885
6 0.09937456563572884 0.3954619700439666 0.09952983415618064 0.11462610226293632
7 0.9532808156357288 0.39049408880695546 0.07649107123840296 0.06449883723582168
6 0.1562655709540624 0.132666533373879 0.05719686379145843 0.10813066256778661
6 0.22330302811666636 0.37365008167667674 0.06540810087368057 0.058185204722264315
7 0.3124518746219439 0.6043501149523599 0.049492160144236144 0.04559430113146821
7 0.6915776365897912 0.5255922932346323 0.02583645459715278 0.03608294574527378
6 0.919103224545694 0.5164571459885478 0.0850309230620141 0.09579428903121964
6 0.8560044657119787 0.4754236007108122 0.052980836056041626 0.06123748184962743
6 0.9184141999444094 0.44537703152716723 0.07202177678548623 0.07384656615858276
7 0.019489656725763662 0.5678187590751863 0.038979313451527324 0.05498748184962743