7 0.4703150852306429 0.48940130494209716 0.06273755357072233 0.1034795240041051
6 0.34616887865839086 0.8439938770526083 0.06232845048646727 0.08004202400410491
6 0.2609444448110151 0.8483955516224475 0.07830800649282174 0.1004454275949012
6 0.8257239651035544 0.8935423416356258 0.061892073863261746 0.05504202400410492
6 0.8113262743563198 0.8233207452264221 0.11325575081077872 0.13345791549465283
7 0.5243383376662749 0.5718910971947707 0.10580571509696383 0.06467155405833439
7 0.5663542881527422 0.49196724785870066 0.048238676947516976 0.07839771077238851
6 0.005299785717110246 0.8725835271273631 0.010599571434220492 0.09545794574527378
6 0.6222030933483177 0.6041309045727548 0.04316934740221221 0.056495439695149585
6 0.5949996651829847 0.6410041906771082 0.04316934740221221 0.056495439695149585
6 0.38186841964721163 0.6336512746914762 0.05273526217486459 0.06748748184962743
6 0.3503360016281484 0.6947660366935287 0.057640950486467266 0.08001475292686636
6 0.30318826623864503 0.7106637474659172 0.05259889448011297 0.059674981849627426
6 0.8659161371798074 0.6495832633767946 0.09500458279171582 0.07242042154477701
2 0.7107958092560607 0.4067604800029157 0.13773755357072232 0.1039158612399266
6 0.7363553222449994 0.6878332180008631 0.19404210064862326 0.10736811416679296
6 0.7900900227314668 0.6078411909716959 0.08401253571381506 0.06923178903121965
6 0.4501138591766304 0.662157548891973 0.11262845941492099 0.09752041549465282
6 0.8944876018730298 0.8923611158361225 0.07992505357072233 0.10357951795398108
6 0.21868440138326703 0.49477110275391567 0.05626936525911974 0.09094316256778648
6 0.10560197443575006 0.5735460634281082 0.10840460957707684 0.1240556444174139
7 0.9509360194850558 0.6569003388069554 0.05586026217486477 0.06750566256778665
6 0.12433478896681642 0.842940958041914 0.06443642126547414 0.1113011143631848
6 0.22608206980936743 0.6079978105994379 0.06827844155801355 0.06289088544042354
7 0.34949979910979084 0.3846461481298472 0.053970479707460585 0.04874657220870695
7 0.7185480336885154 0.49967468784843794 0.0287795649348082 0.03766362646343317
6 0.9445650629095086 0.5296065857818933 0.09237050649282175 0.10052724082661779
6 0.875996295052601 0.5643770164018568 0.05580571509696384 0.06438066256778666
6 0.9339354801177929 0.6015361279363711 0.07636367694751697 0.07856133723582168
7 0.04234581818451432 0.39346365368899205 0.06038412094116258 0.05815793364502557