7 0.52734375 0.4796875 0.0515625 0.09453125
6 0.6109375 0.8265625 0.0515625 0.07265625
6 0.69140625 0.8375 0.065625 0.08984375
6 0.14765625 0.83671875 0.05390625 0.0484375
6 0.16796875 0.77109375 0.0953125 0.11875
7 0.46796875 0.5546875 0.096875 0.0546875
7 0.43515625 0.47578125 0.03828125 0.07265625
6 0.96171875 0.88515625 0.05859375 0.0875
6 0.37109375 0.57734375 0.03515625 0.05078125
6 0.39296875 0.6140625 0.03515625 0.05078125
6 0.596875 0.6234375 0.04375 0.06171875
6 0.62109375 0.684375 0.0484375 0.07265625
6 0.6640625 0.70390625 0.04375 0.0546875
6 0.13359375 0.6015625 0.08515625 0.06171875
2 0.30546875 0.38203125 0.121875 0.0875
6 0.25390625 0.64765625 0.17578125 0.08671875
6 0.21015625 0.56796875 0.075 0.059375
6 0.52890625 0.6453125 0.0984375 0.08359375
6 0.08203125 0.8296875 0.0671875 0.0921875
6 0.7671875 0.50390625 0.04375 0.08359375
6 0.8671875 0.58828125 0.0921875 0.11015625
7 0.03828125 0.60234375 0.07578125 0.06015625
6 0.82265625 0.84296875 0.0515625 0.10234375
6 0.74921875 0.61171875 0.06015625 0.05546875
7 0.653125 0.38984375 0.046875 0.0421875
7 0.2890625 0.4703125 0.025 0.034375
6 0.06953125 0.48125 0.0796875 0.08984375
6 0.13203125 0.51953125 0.04921875 0.05625
6 0.07265625 0.55078125 0.0671875 0.06953125
7 0.94609375 0.421875 0.0515625 0.0515625