4 0.071875 0.8526516672082843 0.14375 0.12907166558343128
4 0.36953125 0.8787060580382446 0.2046875 0.15513533360249454
4 0.36328125 0.627252652194046 0.1296875 0.15695120373287813
4 0.375 0.36611060065191836 0.165625 0.12007849512873606
4 0.36796875 0.11310833157719494 0.153125 0.19017280681713328
4 0.140625 0.09149202475676634 0.121875 0.18298404951353267
4 0.02890625 0.3916829395294187 0.0515625 0.09152502678536126
4 0.11640625 0.32531187134819967 0.1671875 0.17010576866768634
4 0.6 0.8778082110430695 0.209375 0.21459215421934558
4 0.61875 0.6407621785756653 0.1296875 0.11788870373287814
4 0.6203125 0.367297405036715 0.103125 0.1736750535707224
4 0.64765625 0.1269763681050841 0.16875 0.1576330422066367
4 0.909375 0.10912680033090214 0.18125 0.16566373051823943
4 0.890625 0.3836728327983062 0.1734375 0.18583986282348777
4 0.88515625 0.6384557901846325 0.1359375 0.18831029788867965
4 0.84296875 0.9102859257362915 0.0609375 0.11981366801906326
4 0.06953125 0.6159738275167099 0.075 0.1028716298696164
4 0.11953125 0.606507324270299 0.0953125 0.1001011858759707