4 0.8292784338414172 0.08962369091687569 0.13206813231716552 0.1436798776591668
4 0.8642609252572102 0.38891582930961877 0.15746810811666875 0.21301175911805573
4 0.6095825156162898 0.381425411947188 0.16015677088084707 0.13808449430041678
4 0.34385752166641403 0.3924304214464933 0.12287493949875791 0.17471167211208344
4 0.09131028034881689 0.3826144378796529 0.18262056069763377 0.1621038757593057
4 0.0763079699457707 0.1517820119678473 0.1526159398915414 0.12856402393569458
4 0.359184102459328 0.04117704597152808 0.09249657220870704 0.055270687879652856
4 0.2953847019917898 0.12876665852871552 0.17130334913967832 0.17427656743868067
4 0.8707144165748074 0.6226914172655216 0.2200044695529872 0.220716462765278
4 0.6307343111886131 0.6405464920193061 0.12109427088084708 0.13717530452090293
4 0.35334510939321506 0.6419037445847573 0.1771897347764936 0.11192203780340293
4 0.10941330221162267 0.6674804003605903 0.1604022105759968 0.18027199430041668
4 0.10325316404072457 0.9182960583206249 0.16189198770335986 0.16340788335875017
4 0.3775355465542819 0.9119486602864064 0.19010789129415606 0.17610267942718708
4 0.6354071338882994 0.9117857123840283 0.19300563231716553 0.1450982137152085
4 0.9106843898402278 0.8705301584318063 0.12381020472226431 0.06693553970326391
4 0.5886625242004968 0.08246058187506994 0.1051329275949012 0.0789991286090973
4 0.5813358375304093 0.13307817771475744 0.10213519262201594 0.10080139342673622