4 0.4823435344818397 0.7615026649054777 0.21744729882131963 0.2809146984757483
4 0.13096156601697848 0.8180687439498758 0.23972364874506974 0.3638625121002484
4 0.2650852589306244 0.6625692194547914 0.29281097473312523 0.29697603571156994
4 0.6759922702328817 0.3641378272768726 0.3363453820275698 0.42221238504764014
4 0.6004097355636108 0.4222997852205907 0.4175213404244447 0.35238167407885984
4 0.42572277935093733 0.20641064392643468 0.28034734232430586 0.2984658128389331
4 0.5474906362085415 0.11101230639602544 0.37689372758291684 0.21778850546094905
4 0.6652398742406943 0.18827021886561618 0.24680879692145866 0.33420332493918153
4 0.3382740646857983 0.3715493097156751 0.48750522568305577 0.2715498305965223
4 0.3080417040284719 0.3612157977136226 0.27577025151861145 0.37030445140261464
7 0.5403209950629162 0.6876111678323439 0.06849803970326392 0.12381929508134401