4 0.12890625 0.0953125 0.1140625 0.165625
4 0.11953125 0.4046875 0.134375 0.1921875
4 0.365625 0.38125 0.1453125 0.11875
4 0.62265625 0.375 0.1046875 0.1578125
4 0.87109375 0.35 0.175 0.1375
4 0.8921875 0.125 0.1953125 0.10625
4 0.58125 0.0296875 0.0859375 0.059375
4 0.64921875 0.11796875 0.153125 0.153125
4 0.13203125 0.63046875 0.1953125 0.1921875
4 0.365625 0.6328125 0.10625 0.1203125
4 0.63359375 0.61640625 0.1640625 0.090625
4 0.871875 0.6265625 0.140625 0.1578125
4 0.90234375 0.89140625 0.1484375 0.1875
4 0.63203125 0.8828125 0.16875 0.1609375
4 0.38203125 0.8953125 0.175 0.121875
4 0.1125 0.87265625 0.1140625 0.053125
4 0.36171875 0.09140625 0.0953125 0.0671875
4 0.3734375 0.13984375 0.090625 0.0875