4 0.69609375 0.5884247549699697 0.2625 0.18746468032537572
4 0.74296875 0.9203612661468622 0.378125 0.15927746770627565
4 0.58125 0.7963503635776178 0.2703125 0.26094763212077404
4 0.31875 0.369823183252242 0.39375 0.29447827048806363
4 0.37109375 0.44825271028140923 0.3140625 0.37995216217500316
4 0.14375 0.6063050630353248 0.2734375 0.24846581283893307
4 0.07578125 0.47778463241536145 0.15 0.3508726744716434
4 0.15 0.3688414244716433 0.3 0.21112034894328663
4 0.29921875 0.7040845537637468 0.2265625 0.45913060206654455
4 0.28671875 0.7321368308911098 0.346875 0.23795555971567506
7 0.62734375 0.5263060291704665 0.1171875 0.05693177693097127