6 0.9460457422926574 0.5287258645369606 0.0909989212654743 0.11197383601209036
6 0.943146433443634 0.292088930537915 0.07754434740221221 0.057140885343726744
7 0.7455645012211113 0.5138746658975502 0.12340231818121908 0.08891814401654478
7 0.5559468478125446 0.5926280165897763 0.11251145697928919 0.18096019334818117
7 0.41471174188562043 0.3607251306095026 0.8104457654179804 0.6077463427752677
7 0.10980564813356089 0.2557403753182734 0.21961129626712178 0.25726924936345313
7 0.7997258957012241 0.45388150055700505 0.3033000982129911 0.19255331604072534
6 0.23007546347540614 0.612906890634956 0.4601509269508123 0.43043621873008797
7 0.143903274149506 0.74435743264641 0.287806548299012 0.4565612720400892
7 0.28671875 0.15703125 0.5734375 0.3140625
2 0.45362068872193506 0.6375598032702301 0.15621481818121907 0.08929995202099902
2 0.4482434419683459 0.587632528604412 0.1247466298696164 0.07643632535009015