7 0.7726876865850038 0.5879530040637804 0.17679995202099902 0.15774213636243814
7 0.27997347525464 0.5746828056026125 0.09098972135581711 0.16717959172016936
7 0.24756151193509388 0.4737066866900449 0.08343066534054513 0.05457049756436803
2 0.7950546772756389 0.41103594805742594 0.09118862133990895 0.05001936525911965
6 0.08681382125241281 0.5944573376629796 0.05192612667090888 0.03215002678536116
1 0.15360078457195891 0.6948334387186398 0.29787497334499946 0.09111947240056466
7 0.23408826324795848 0.6246924882321725 0.051944308004454334 0.033712526785361165
6 0.013607419318909755 0.2286471513799718 0.02721483863781951 0.0333306972400564
2 0.15856483597231946 0.201097075488115 0.06124658267027257 0.027626168019063257
7 0.66545118264641 0.13757294886820484 0.05977498933799978 0.03541139448011292
7 0.5024421053071375 0.18415939691904018 0.10198067067154533 0.037710280031772125
7 0.7476818799729558 0.18612745130383682 0.037790901336727065 0.025654564934808156