1 0.87890625 0.4671875 0.0921875 0.1921875
1 0.66171875 0.3453125 0.10546875 0.1171875
1 0.60390625 0.40625 0.07890625 0.1453125
1 0.4828125 0.59921875 0.0984375 0.12109375
1 0.51640625 0.775 0.07421875 0.140625
1 0.23671875 0.54453125 0.0828125 0.09921875
1 0.31640625 0.63046875 0.06953125 0.11015625
1 0.290625 0.63515625 0.06171875 0.11328125
1 0.24921875 0.640625 0.06015625 0.11796875
1 0.2359375 0.7234375 0.10078125 0.078125
1 0.31796875 0.73515625 0.09140625 0.10234375
1 0.36875 0.70390625 0.103125 0.09453125
1 0.35546875 0.8296875 0.0921875 0.128125
1 0.2796875 0.8109375 0.0765625 0.1265625
1 0.215625 0.80234375 0.06484375 0.1265625
2 0.3875 0.43359375 0.35078125 0.48671875