7 0.428125 0.4273865847853854 0.090625 0.17294941818411544
7 0.621875 0.21628028556417292 0.05 0.17176735141192578
7 0.70859375 0.13016327764661412 0.071875 0.07709134890464334
7 0.64921875 0.019813428675463773 0.0484375 0.039626857350927545
7 0.6609375 0.12451868289860588 0.0421875 0.14341503087881238
3 0.6421875 0.09772050217807807 0.0625 0.11119356426490726
7 0.5078125 0.21256791534762862 0.1015625 0.07014266693047429
7 0.18203125 0.3642346815784577 0.1296875 0.21158602084968248
7 0.2046875 0.2565442020324288 0.0546875 0.08909124373179385
1 0.36875 0.4447392208370472 0.034375 0.05412521034569906
7 0.78515625 0.42324803642210274 0.0421875 0.10904003087881246
7 0.884375 0.004775798892008053 0.0625 0.009551597784016106
7 0.72734375 0.06687864528936892 0.1234375 0.13375729057873784
1 0.04609375 0.9713150588546309 0.0453125 0.056005959092057724