7 0.4569515202916719 0.5128727147620482 0.03299430718159222 0.03201371941479181
7 0.4607805022394952 0.49950054578409686 0.03615566861791084 0.03833645459715278
7 0.49002309552544104 0.5566402453472565 0.040788626463433175 0.029070557370694416
7 0.49753561367581367 0.5048959073913537 0.028334078258831143 0.03659211664124999
7 0.5226305415653025 0.38632709213687455 0.022074987899751618 0.034884146276527694
7 0.5197646167990716 0.43093107731923563 0.023619307181592396 0.03179551386770818
7 0.5873929992144331 0.5051485208984717 0.029887487899751618 0.03506598423243048
7 0.5354805203898678 0.44619240140743005 0.025181807181592398 0.03183188145888884
7 0.5574555143397436 0.46287075513090237 0.02519998789975162 0.034956881458888846
7 0.5662174359827166 0.49157698337940925 0.01885908430895533 0.019186411094166723
7 0.5209458425985748 0.4996628935236454 0.028379530054229284 0.04440461664124999
7 0.48486744203284077 0.47628059812079826 0.029923849336070063 0.04131598423243048
7 0.5165492340891226 0.5497719962971871 0.023510222872636887 0.013045513867708181
7 0.37997138465485664 0.5771729105254858 0.0188409035907962 0.01606141109416672
7 0.34491967378427224 0.5959599313270483 0.02996021077238851 0.04756598423243066
1 0.3462458244482022 0.5552985637358677 0.011001132513557365 0.011192073138263935
7 0.42172709259857477 0.5019722355636108 0.015752265027114732 0.02223867591180557
7 0.41957424013924677 0.5348392869503816 0.036228391490547726 0.05083645459715278
7 0.3144691045024315 0.5997940993550692 0.029978391490547728 0.05069098423243048
7 0.2449560352205907 0.604537457162604 0.026826120413308986 0.04593074905006951
7 0.22474807435000632 0.6229789858479512 0.03774543969514967 0.043060322188333444
1 0.14394804712444742 0.7022138505893402 0.03615566861791084 0.03833645459715278
7 0.22094181829988208 0.6402574048259027 0.0063136325135573655 0.0110829703647223
1 0.19834920081343946 0.6517222348980207 0.009429542154477666 0.009593205547083272
1 0.1850406797362006 0.6473438594230554 0.009429542154477711 0.009593205547083272
7 0.12170034240218305 0.638660496865868 0.04384999394987581 0.018205792553055565
7 0.1427986375817229 0.6389507843849305 0.01729658430895542 0.019150043502986235
7 0.08370089353365122 0.6879890028497917 0.017387487899751575 0.034775043502986235
7 0.06558215260883753 0.662625980148368 0.022002265027114644 0.02238414627652787
7 0.07926792358788053 0.7318481056233332 0.009502265027114643 0.022093205547083272
7 0.029595176514746756 0.789261868541111 0.01573408430895542 0.019113675911805572
7 0.7360163306947181 0.39933166594072855 0.01746930113146803 0.04883754350298615
7 0.7007509963857628 0.38139993674229106 0.03293976502711473 0.02263871941479163
7 0.7236117794650541 0.41602885667017303 0.02529998184962743 0.05214438145888885
7 0.7009237132082754 0.4110874367422911 0.018986349336070064 0.04106141109416672
6 0.8426430597156752 0.32730923594486044 0.020603391490547553 0.050472778685347205
6 0.7684379452542945 0.33138044652593684 0.014171584308955331 0.019077308320624996
6 0.8201140747427897 0.34971156601697845 0.015761355386194255 0.023801175911805573
7 0.854366354895215 0.32781772901100625 0.00945681323171641 0.014280705547083272
7 0.9237612495090207 0.3027618712034715 0.015752265027114732 0.02223867591180557
7 0.8996697645361353 0.3252005688667701 0.012609084308955331 0.01904094072944442
7 0.8739066952542945 0.3289256341212493 0.009502265027114732 0.022093205547083272
7 0.9002373910977642 0.2884636350711798 0.015761355386194255 0.023801175911805573
7 0.6515595174630016 0.3872330158644786 0.012672716822512697 0.029978440729444424
7 0.662083927005726 0.450277876521805 0.0220658975406721 0.03332164627652787