7 0.453125 0.58203125 0.1609375 0.08046875
7 0.26484375 0.384375 0.16171875 0.03984375
7 0.1890625 0.29765625 0.06875 0.0671875
7 0.06015625 0.346875 0.0734375 0.04375
7 0.1796875 0.3421875 0.1359375 0.0328125
3 0.153125 0.359375 0.10234375 0.05390625
7 0.25234375 0.49453125 0.0609375 0.0953125
7 0.37265625 0.815625 0.19375 0.1140625
7 0.27109375 0.78828125 0.08046875 0.04765625
1 0.46484375 0.63984375 0.04921875 0.03046875
7 0.4765625 0.23828125 0.1015625 0.034375
7 0.0609375 0.12109375 0.0484375 0.0578125
7 0.0234375 0.08125 0.04375 0.0265625
7 0.0953125 0.275 0.1875 0.11171875
1 0.96015625 0.978125 0.0765625 0.04375