1 0.4986809727879944 0.8880683332670486 0.2027806493475449 0.10703289202736244
1 0.36102478942549576 0.6747972686187295 0.12632723734881743 0.11551700668363551
1 0.418891286083678 0.6116154686107753 0.15416133601209037 0.09084427068745349
1 0.6071805320655425 0.47581268658500375 0.13092383068109026 0.10775905068427197
1 0.7895026834022696 0.49869456122695943 0.14783861067790838 0.08452154535327186
1 0.5355487906985894 0.22895641526100335 0.10572383601209037 0.0902806493475448
1 0.6286271760423162 0.3044462165818221 0.1165340666772721 0.07947041868236297
1 0.6322243433720437 0.27783826324795846 0.11954997867599956 0.07013178134945379
1 0.6348584473663166 0.23561440058086758 0.12579997867599957 0.0702045066836356
1 0.718243112030544 0.2166729492361863 0.08562951201463562 0.108794292011454
1 0.7356129727084527 0.29929454523395915 0.11052042401336308 0.09971019334818117
1 0.7073248880489977 0.3527558999045498 0.10285337468172653 0.1121192866804539
1 0.8344413713796797 0.3317428712205961 0.13710110534690828 0.10158177601845368
1 0.8108851453691802 0.25466275055700505 0.13379429201145393 0.08592041335136287
1 0.7968584606938169 0.19075479189214134 0.13208634134309047 0.07340223201781733
2 0.4335061273869975 0.3903217239417754 0.5200976080521794 0.3903748400699968