6 0.040530814970138745 0.3937539541399153 0.08106162994027749 0.10311709172016936
6 0.03131685628892336 0.6219744115262416 0.06263371257784672 0.0497466298696164
7 0.23307676519888854 0.4207589646932221 0.11584451196784729 0.07855346834337489
7 0.4212138512549302 0.35656227678865654 0.09920383225631965 0.1688511858759707
7 0.5399774625778468 0.5887690304421044 0.7529536134102088 0.5426151574624611
7 0.8557816876922217 0.7097677284962352 0.2600699034947226 0.23569558684890524
7 0.1748090170987496 0.47487944886490957 0.28503222948277795 0.16740923701106122
6 0.7601672484813886 0.35533141883643277 0.47137369224805603 0.3893229675293006
7 0.8496499354111109 0.23506773742468887 0.29735561720993076 0.4284558311668626
7 0.6640643535360409 0.8271303267092263 0.5715542237831948 0.33172074756107256
2 0.5220503058520831 0.3188792702958348 0.1470581443766667 0.07753643912238158
2 0.5232666605254858 0.36727585998740925 0.11711607123840277 0.06608074188232518