6 0.934375 0.59609375 0.11328125 0.09609375
6 0.93828125 0.37734375 0.090625 0.04609375
7 0.72890625 0.5640625 0.10703125 0.071875
7 0.54921875 0.61953125 0.08828125 0.159375
7 0.43359375 0.3921875 0.70234375 0.4953125
7 0.1265625 0.265625 0.24609375 0.2171875
7 0.78359375 0.5140625 0.2671875 0.1515625
6 0.221875 0.6078125 0.43984375 0.35859375
7 0.1359375 0.72109375 0.271875 0.4015625
7 0.3140625 0.15546875 0.53671875 0.3078125
2 0.4515625 0.6515625 0.13828125 0.06875
2 0.45078125 0.60546875 0.109375 0.0609375