7 0.63515625 0.24744523096586463 0.15 0.17274767447164327
7 0.5578125 0.7524640081914236 0.1671875 0.08222266842151918
7 0.45 0.7760555234149299 0.05 0.0846658914905479
2 0.4546875 0.20577029449216874 0.0453125 0.09088862041330889
6 0.55390625 0.9540037822937245 0.0296875 0.0532977168225127
1 0.66640625 0.8713720477136226 0.0671875 0.2572559045727548
7 0.6046875 0.805080468963812 0.0296875 0.050172716822512696
6 0.165625 0.9869010780624394 0.0296875 0.017360216822512698
2 0.15703125 0.8391948310875016 0.0234375 0.06263635538619425
7 0.1546875 0.31183744554888215 0.0328125 0.058003397540672005
7 0.1828125 0.4838760720123153 0.0296875 0.1048602168225127
7 0.215625 0.23250446955298726 0.021875 0.037627265027114644