1 0.4402265317367422 0.11076535410472185 0.20447220282385156 0.10469141926229186
1 0.3101512721698308 0.34176339380798587 0.12666545157021042 0.11381053970326391
1 0.3724861361181689 0.399647322569583 0.15401756175762477 0.08790265634451408
1 0.5720649358015997 0.5167945357161106 0.12960859514371953 0.10763327488562524
1 0.7552100564138554 0.47427646134357576 0.1508016335443795 0.08470492116215293
1 0.5115065543687913 0.7734997838162496 0.10723348997087019 0.08993662860909737
1 0.6022428661264161 0.6870700149145481 0.11776181301126591 0.0761287017473613
1 0.6061574763138307 0.7135234121410065 0.12222199247815269 0.06842530452090294
1 0.6119157313283955 0.7571097579806938 0.12530152837152997 0.06693553970326391
1 0.6967310005287255 0.7668464742613536 0.08590405925034225 0.10817748233256949
1 0.7101235622863502 0.6822169011230896 0.1105858105039836 0.09782186379145834
1 0.6788113778048986 0.6314181205378814 0.10157452335696497 0.11010365824437507
1 0.8097658611118511 0.6385194928787146 0.13723923871722904 0.10156511284152785
1 0.7886971916740946 0.7186434039728813 0.1351766335443795 0.08434124525034736
1 0.7789751991959418 0.784450241928784 0.1348129206913981 0.07184124525034755
2 0.39879726887112554 0.6223211031547913 0.5218034214828208 0.3853297023160421