1 0.67421875 0.55546875 0.0859375 0.146875
1 0.2640625 0.5125 0.06640625 0.15625
1 0.30859375 0.49921875 0.06640625 0.1453125
1 0.35078125 0.50546875 0.05703125 0.171875
1 0.3984375 0.53046875 0.06015625 0.1453125
1 0.43984375 0.5203125 0.05390625 0.16328125
1 0.48125 0.50390625 0.046875 0.1578125
1 0.521875 0.50390625 0.0515625 0.171875
1 0.56328125 0.52421875 0.06328125 0.1578125
7 0.60625 0.525 0.05390625 0.21640625
1 0.29375 0.60703125 0.15078125 0.0953125
1 0.4109375 0.61875 0.11796875 0.0609375
1 0.521875 0.6265625 0.13515625 0.08203125