6 0.4576808973260773 0.6707105515454229 0.14853077759614006 0.18691143912238176
7 0.7284720531669807 0.1911285970017657 0.10999438311602709 0.12688187418757346
7 0.5174262698920928 0.8274321099874091 0.08393071509696384 0.06550799756436802
6 0.9040262431067319 0.8722307723277248 0.16325575081077873 0.135621674511885
7 0.16291782224499937 0.6891328636375619 0.1344682775961401 0.1866659772718286
6 0.5301440527632388 0.5015281290621327 0.13082508035608367 0.15692393019392786
6 0.5576004456184986 0.22613266274735278 0.10656146590774292 0.1986750535707224
6 0.6241197439142153 0.2632411505724882 0.04675799756436803 0.08360343262955983
6 0.5837467451353267 0.7864428713514949 0.13504893019392786 0.1304432508107789
6 0.3714671132371154 0.9565037755708407 0.13096935633066592 0.0757012037328785
6 0.33814609862661876 0.9414651566582728 0.1705773271096728 0.10763304220663664
6 0.019522859985761594 0.6440403262988939 0.03904571997152319 0.12417388555165906