7 0.5274496928167368 0.770635385264185 0.08655836189159735 0.16190111067790855
7 0.5565540049370838 0.6780842585932761 0.06915134992375016 0.08515679734245403
6 0.4248546357303827 0.9289029659452753 0.13434124525034719 0.13433973201781732
6 0.9646505869575176 0.7201684772040513 0.07069882608496485 0.08684656667727211
1 0.26161683254066004 0.36189837396563795 0.13212412860909728 0.10619655068427188
6 0.15622016451263915 0.3326477733131828 0.08263327488562511 0.12748974801081764
6 0.4716646329775004 0.3883683252705484 0.06413654160312507 0.07103975334181775
6 0.621497712765278 0.211577463916322 0.11122974715020853 0.08096019334818116
6 0.5173160929898959 0.06665640993000323 0.1286354526972918 0.09053518801718104
6 0.26864285685760425 0.09299383263050166 0.07438436379145844 0.10864884134309045
6 0.4933630207046534 0.649124011935094 0.10846972948277803 0.1637181493475449
7 0.3562532660519099 0.1638688592855022 0.06206489532659729 0.049146572008272306