6 0.7098799659110382 0.292692960097041 0.16829780681713338 0.15505222135581712
6 0.6374713575517772 0.45672764075426875 0.1867205243497292 0.13652039735836255
6 0.5400311160731939 0.2641486947405875 0.21150233603812651 0.12431129869508961
6 0.3656896351479174 0.26915272605027046 0.1664080243497293 0.13628404002227174
6 0.35336513880136533 0.39325329738222503 0.14118983603812651 0.1234931386855446
6 0.44084972768216096 0.5294549740610881 0.17879893019392784 0.1301794906906352
6 0.46316328409555246 0.6836521253978152 0.16550008928453738 0.17376585868872638
6 0.5540865186742769 0.8019214147437692 0.17830800649282175 0.10205449069063519
6 0.6248956708650276 0.6847526434197688 0.1694784772718286 0.13319540268936264
6 0.7064302686742769 0.80369409476445 0.1686875446422686 0.08788290268936265
6 0.7594769967568844 0.5401952161043588 0.13680234496658022 0.14062609468490841
6 0.7233564902640627 0.6397952267663591 0.16281937418757336 0.10968517735518084
6 0.2743017869382215 0.9375280930139993 0.1709318831160272 0.1249438139720013
6 0.4124057589350443 0.9472488120225899 0.19409664772652385 0.10550237595482023
6 0.603307448464463 0.9773732113701346 0.15715002678536116 0.0452535772597308
6 0.3422683571480355 0.7603862533815887 0.2288807508107789 0.13544879336408933