6 0.24609375 0.36301981003340755 0.165625 0.17692722135581712
6 0.41484375 0.4071708940563156 0.1515625 0.19395108935390812
6 0.246875 0.5302164007001803 0.140625 0.21569882001909005
6 0.2796875 0.6962232087046346 0.1484375 0.1736022266868172
6 0.39921875 0.6874578307208612 0.13125 0.14683973201781733
6 0.515625 0.5825623400699967 0.14375 0.18761018268618096
6 0.659375 0.5381412727561777 0.1828125 0.177127216024817
6 0.75703125 0.432246356102768 0.115625 0.181032918682363
6 0.6328125 0.3831446900859051 0.1453125 0.1766908640197264
6 0.73359375 0.28744238609958633 0.1015625 0.1699317866804539
6 0.4734375 0.2773839440642698 0.1484375 0.14703972668681722
6 0.575 0.2965344807447237 0.121875 0.17016814401654462
6 0.93203125 0.6764701654598578 0.1359375 0.17970677601845358
6 0.98984375 0.6646428748010392 0.0203125 0.1783613573360908
6 0.928125 0.5428309621259941 0.14375 0.20011018268618094
6 0.93984375 0.354686072127585 0.10625 0.16217383068109026
6 0.7515625 0.6415577214353589 0.1546875 0.23461245202099903