8 0.7105577884420446 0.45952008685549595 0.1852567648307229 0.15478077759614023
8 0.7847548543060399 0.7230956172943052 0.0660704275949012 0.0777079886359143
6 0.5590645078968359 0.7426616436726293 0.04400453005422929 0.04451365909060954
7 0.5117758965587134 0.6723860998411395 0.0691954275949012 0.07776253571381489
7 0.545306014045156 0.6608622187537072 0.02827953610435365 0.027053423701106104
1 0.5173815228257548 0.8301167792242884 0.04400453005422929 0.04451365909060954
7 0.4394565107255063 0.8658554561718056 0.023673849336070064 0.04103410308425524
3 0.42310480287998403 0.875516828330784 0.022011355386194253 0.023819329545304767
7 0.8504247852205907 0.5953739918889157 0.06141019867214013 0.08231366801906326
8 0.6625253303019347 0.6642854533324317 0.18119649960721668 0.262511456979289
1 0.45044400770044424 0.874258291399153 0.011010222872636888 0.012690914772652207