7 0.053785334619683975 0.7818033790588375 0.10757066923936795 0.18326824188232518
7 0.6373939818985047 0.7363786416440344 0.22908970536281678 0.2211421631477993
7 0.7780809745385514 0.9299768628300782 0.15130905601527206 0.1151182597392328
7 0.5322290552991834 0.24222131290950855 0.22296697469763488 0.23197056899199797
7 0.053368258633047005 0.24667440259778778 0.06315452800763602 0.057340941558013545
6 0.18556839990454985 0.6997430811701578 0.0964761053469085 0.1016636858759707
6 0.49681334054746007 0.8692747366106147 0.11362724267981754 0.09883869480442442
6 0.028531890634956 0.5213295292209932 0.057063781269912 0.11046594155801373
6 0.06335123862191115 0.3285147378251354 0.11395450668363558 0.12696369480442443
4 0.2841653673217732 0.08055847889668163 0.23464881468808993 0.16111695779336327
6 0.2841648199793191 0.14735269237208776 0.14851132001909004 0.14318871266133196
6 0.2651886479949093 0.03628632751670987 0.2539977040101814 0.07257265503341974
6 0.568292182606639 0.43217811120522526 0.1340670120146356 0.1101307508107789
6 0.6712995512810478 0.373360444403978 0.09456816000954511 0.07194891233702042
6 0.8577637626114116 0.39197625649941237 0.24931129869508944 0.2136842191541537
6 0.8978871339115496 0.635757484178278 0.1803613040260899 0.19529668344033874
6 0.7779382605824583 0.6066075466774541 0.1495829240133631 0.10102848620028233
6 0.65270354527373 0.4275803401019068 0.19378745735199915 0.14085464529089187
6 0.6959171959341394 0.4729104310112973 0.11846019334818117 0.11142051542127547
6 0.43103817795195676 0.34631056940233035 0.24204314401654461 0.12607512499835227
6 0.40010689863145615 0.2523384269508123 0.19507723734881743 0.11744441882984216
6 0.46881253998250083 0.12646526826394458 0.38424992003499836 0.25293053652788916
6 0.16897562464195567 0.1790447974849378 0.151145424013363 0.10105575973923267
6 0.18840742464990984 0.1201237650175337 0.06938634667409058 0.055887535713814974
4 0.37482508796150177 0.27699355357401767 0.12091248400699968 0.053662562499176225
6 0.937258169239368 0.6756870089350443 0.09282494135899881 0.19064436525911965
6 0.9755314232575035 0.5414523307697113 0.037155649347544895 0.1053147913958579