4 0.18037547240385987 0.18544311719185508 0.19577969886161423 0.29642152380771336
6 0.9355288023562018 0.3421956913454697 0.11950575081077872 0.13349427693097135
7 0.31196106859155137 0.5698413639704013 0.255454707790068 0.3139544574527388
7 0.9836874330365969 0.13464226657923878 0.031206909901388257 0.17672612646343308
6 0.7734141806009649 0.05059802292395058 0.10723184740221221 0.056868144417414015
6 0.8432347934310434 0.8372833940246306 0.2588797167185216 0.3254332119507389
6 0.09912151826394458 0.6084033733401751 0.19824303652788916 0.6574317466803503
6 0.5125857747567663 0.04282993295765442 0.07482845048646744 0.08011474687674204
6 0.48201188474088025 0.09343846613514169 0.1641012305182395 0.18218630698520064
6 0.5336113409093904 0.04685890280522926 0.11715231818121907 0.08817268657189171
6 0.3613997812528834 0.42323907474278977 0.12884556899199798 0.2210397287263694
6 0.19761397078230208 0.45119538221896976 0.30009682629559864 0.45482489714788843
6 0.43541833929112794 0.7932384782353901 0.0820057508107789 0.13327610831306042
6 0.5586394253292545 0.6720679810640604 0.09535123051823931 0.18178633118569748
6 0.4965115722449994 0.6951464118804156 0.07235801542127547 0.11759656615858276
6 0.5325212102322906 0.7359850353187867 0.09650462743398443 0.15835792154477701
6 0.6724801883181933 0.9518544332522421 0.10487050649282174 0.09629113349551588
6 0.4476042881527422 0.49796688485124835 0.1538922077900679 0.31336358411256365
6 0.29360217532595917 0.18922716822512736 0.12847164772652384 0.11011131908544902
6 0.24314247930371874 0.2600345719141194 0.16369212743398434 0.15874880698520064