4 0.17265625 0.21015625 0.1625 0.275
6 0.93203125 0.29453125 0.1203125 0.1203125
7 0.33984375 0.57265625 0.2203125 0.2875
7 0.971875 0.08515625 0.05625 0.1703125
6 0.73671875 0.02421875 0.1 0.0484375
6 0.8890625 0.8171875 0.221875 0.365625
6 0.10078125 0.63125 0.2015625 0.628125
6 0.48203125 0.03984375 0.065625 0.078125
6 0.45703125 0.08828125 0.1421875 0.1765625
6 0.50234375 0.040625 0.1078125 0.08125
6 0.3734375 0.425 0.1046875 0.2078125
6 0.21640625 0.4671875 0.2484375 0.4234375
6 0.48359375 0.778125 0.0671875 0.1234375
6 0.590625 0.6484375 0.075 0.1703125
6 0.53203125 0.67734375 0.059375 0.1109375
6 0.571875 0.7140625 0.0796875 0.1484375
6 0.73203125 0.934375 0.0921875 0.13125
6 0.46484375 0.48984375 0.11875 0.296875
6 0.2828125 0.203125 0.115625 0.096875
6 0.24140625 0.2765625 0.1453125 0.1421875