4 0.1484160826073073 0.21488972267624523 0.2088655007914228 0.3058510659621911
6 0.9337541890337981 0.2257076281137531 0.10864287727617353 0.13654655405833438
7 0.373716577130524 0.5755146470496927 0.270348570070895 0.3249555899662962
7 0.945022994985435 0.0492405768840891 0.03379598997087001 0.08768180718159235
6 0.9184307174053281 0.7717013841638772 0.16313856518934386 0.39635789129415605
6 0.14577108504808275 0.660892569085449 0.2728109581676209 0.678035138170898
6 0.44909672954602886 0.025265183055850286 0.07319345909205772 0.045730656517662414
6 0.4295942232778227 0.07982996320827544 0.16856344655564542 0.15564198770335985
6 0.4702359436526516 0.026950402903425125 0.11859688730530316 0.049119276930971324
6 0.3878747023616332 0.417811231358648 0.13949572367353422 0.23046018052176756
6 0.23029553457322907 0.47860276473252705 0.319934696093427 0.472094210379605
6 0.5521467686716045 0.7749566317279905 0.08676787727617316 0.13641928903121983
6 0.6455293926490724 0.6286497791704665 0.10228522868809904 0.18650110226293623
6 0.5880040491547055 0.6650276407049809 0.07854620031656907 0.12231133723582169
6 0.6350752774470931 0.6988895562978297 0.10477373119538154 0.16464428298109546
6 0.8317924677345324 0.909373580105543 0.11346676959604132 0.14126132513557293
6 0.49190062430667236 0.476219149878363 0.16566107007089492 0.3243465359079618
6 0.26188754922121243 0.1952408188890573 0.13456887978345575 0.11482609016268785
6 0.22989941481890322 0.27707208098930575 0.17200669530200416 0.16659766842151907