6 0.23046875 0.528125 0.1671875 0.2171875
6 0.19765625 0.80703125 0.2125 0.2703125
6 0.44296875 0.690625 0.2875 0.1796875
6 0.79140625 0.60625 0.2609375 0.184375
6 0.73203125 0.465625 0.2078125 0.0984375
6 0.55234375 0.81796875 0.2921875 0.165625
6 0.8 0.76171875 0.2984375 0.2359375
6 0.46796875 0.53125 0.303125 0.1640625
6 0.734375 0.3828125 0.1703125 0.0984375
6 0.25859375 0.37109375 0.153125 0.1625
6 0.31640625 0.228125 0.1609375 0.115625
6 0.47265625 0.434375 0.2765625 0.1140625
6 0.45234375 0.35390625 0.23125 0.103125
6 0.63046875 0.30234375 0.190625 0.0921875
6 0.64296875 0.240625 0.153125 0.0859375
6 0.415625 0.22109375 0.1 0.0859375
6 0.453125 0.284375 0.178125 0.0546875
6 0.49453125 0.21953125 0.1328125 0.10625