6 0.44765625 0.4140625 0.3953125 0.453125
6 0.79140625 0.38671875 0.3046875 0.3125
6 0.88125 0.1 0.2375 0.2
6 0.38828125 0.15625 0.203125 0.2609375
6 0.64140625 0.10703125 0.26875 0.2140625
6 0.88125 0.65625 0.2375 0.3890625
6 0.1875 0.52890625 0.2703125 0.40625
6 0.15 0.784375 0.2921875 0.359375
6 0.59609375 0.77890625 0.334375 0.4421875
6 0.85234375 0.896875 0.2953125 0.203125
6 0.36171875 0.85078125 0.271875 0.2984375
6 0.53515625 0.93515625 0.278125 0.1296875
6 0.4640625 0.63359375 0.21875 0.234375
6 0.81484375 0.17109375 0.25625 0.1546875