6 0.4653911123200813 0.5800708577238852 0.44351573418731843 0.49943848126045226
6 0.8270553201656036 0.5915502758508169 0.33793737899751586 0.34570442720211786
6 0.8995741730177151 0.8841695679070986 0.19185219847574828 0.21204652380771344
6 0.4153627994811481 0.8532265565924172 0.22977944535249045 0.2857021924256241
6 0.6815781519404762 0.8863359845310039 0.2950771924256241 0.22732803093799206
6 0.8857455606976338 0.3067258239572229 0.227427125874258 0.41849651170746494
6 0.18788425673749526 0.4722027738077134 0.3088134812604522 0.44240671037960516
6 0.14918693374322134 0.2078993792921035 0.2983738674864427 0.39392375858420703
6 0.6026654159856322 0.21679467378427222 0.37591916802873565 0.4287350958200286
6 0.8448352561483201 0.0869491342620732 0.2759544877033598 0.1656624031980127
6 0.35385118696467516 0.14581351151107322 0.30167262607064965 0.2892453489432866
6 0.5309545633299124 0.05387197208707002 0.29746587334017516 0.10328966822512738
6 0.4722052354638647 0.348852673980664 0.24368740924813678 0.25922150565734076
6 0.8593400584581385 0.8167457185710285 0.2729022105759967 0.17814422247985356