6 0.26015625 0.22890625 0.1015625 0.18125
6 0.39375 0.23671875 0.1265625 0.209375
6 0.54296875 0.246875 0.1421875 0.2171875
6 0.665625 0.26640625 0.1140625 0.215625
6 0.27578125 0.43828125 0.1328125 0.215625
6 0.2390625 0.63125 0.2296875 0.19375
6 0.45859375 0.67421875 0.16875 0.1671875
6 0.4234375 0.4890625 0.1671875 0.1390625
6 0.6515625 0.54453125 0.1890625 0.1875
6 0.8125 0.7578125 0.1953125 0.1625
6 0.61328125 0.728125 0.165625 0.16875
6 0.878125 0.43125 0.1046875 0.115625
6 0.55625 0.50703125 0.090625 0.1875
6 0.80859375 0.315625 0.190625 0.1609375