6 0.740250640634956 0.23359375 0.1967306440165446 0.121875
6 0.7425387519494114 0.37265625 0.22987040802036277 0.15
6 0.7438637999284123 0.52734375 0.23942722135581712 0.165625
6 0.7337700899109132 0.65625 0.23597495735199914 0.1375
6 0.5242165606301835 0.26875 0.23775563335454458 0.15625
6 0.322118258633047 0.24765625 0.22483855736790748 0.2546875
6 0.2952086712683212 0.47890625 0.1896999413589988 0.1890625
6 0.4841080866088663 0.42578125 0.1599760786919079 0.1859375
6 0.443799070576095 0.6671875 0.21341016136218052 0.2125
6 0.23538549188418717 0.853125 0.1884647053628168 0.2171875
6 0.25109394991250406 0.64453125 0.1912260786919079 0.1859375
6 0.5794712992123238 0.89140625 0.1310692813494537 0.11875
6 0.4754586979233217 0.56484375 0.20285337468172654 0.1109375
6 0.6929258192234596 0.809375 0.1868476613621805 0.2125