7 0.6446474415547183 0.5511407120862233 0.14042617694751697 0.07974313868554468
6 0.6819367560824894 0.7632503607574505 0.04209777110331832 0.08484771467218159
6 0.16304465989809314 0.6595760893539081 0.035193206168510204 0.047274989337999784
6 0.7502881465087079 0.15948101810149534 0.16777170129724617 0.2144090400222717
6 0.7610153664769357 0.058063968769858885 0.05687729139585791 0.036592028007636015
6 0.6888205868489055 0.2626509240929048 0.06122960064862308 0.10694089067472685
6 0.571395533278183 0.1581805054105419 0.033685253246410876 0.05038180800445433
6 0.5993841655834313 0.1506952694143599 0.03702844155801355 0.06291817067154523
6 0.4940262840889618 0.29006575739972423 0.025518197240056394 0.029978401336727068
6 0.6347643323846786 0.25342991808558696 0.02568183847375849 0.039353401336727066
6 0.6605728559236288 0.2552924100890868 0.03193183847375849 0.039426126670908876
6 0.6120126249983523 0.24769753874917805 0.03012387662320535 0.025345445337363513
6 0.5328512305182395 0.18741347207190578 0.02880683847375849 0.039389764003817974
6 0.5191256956152033 0.25130324940322407 0.026971603084255235 0.02374658267027261
7 0.6884154379045656 0.19469126475967755 0.047965941558013724 0.06304544000636332
7 0.2538297524323367 0.4013101507001803 0.025790932629559827 0.045603401336727065
7 0.28695016964062103 0.3298351400381801 0.020776150162155817 0.026798857336090796