7 0.625 0.44609375 0.13125 0.065625
6 0.640625 0.23828125 0.0328125 0.078125
6 0.14765625 0.37734375 0.0296875 0.0421875
6 0.76796875 0.8171875 0.1421875 0.1953125
6 0.78828125 0.91484375 0.0515625 0.03125
6 0.69765625 0.721875 0.0484375 0.0984375
6 0.59453125 0.83203125 0.028125 0.046875
6 0.621875 0.83671875 0.0296875 0.0578125
6 0.50625 0.709375 0.0203125 0.0265625
6 0.646875 0.734375 0.0203125 0.0359375
6 0.67109375 0.73046875 0.0265625 0.0359375
6 0.62421875 0.7421875 0.0265625 0.021875
6 0.55390625 0.80625 0.0234375 0.0359375
6 0.534375 0.7453125 0.0234375 0.021875
7 0.70390625 0.7875 0.040625 0.0578125
7 0.2625 0.6203125 0.0203125 0.0421875
7 0.30078125 0.68671875 0.01875 0.0234375