3 0.8239077719389243 0.8164178632240959 0.3456099728332642 0.352364668045816
3 0.4964549191653826 0.8155393526018667 0.4755156783803475 0.3632487187300882
3 0.17051001500507013 0.8122989106460918 0.3094529608654169 0.27540217870781625
3 0.1170732776385075 0.6652244633195461 0.20796188962701406 0.2101760733609078
3 0.7604030907087852 0.5389564818985046 0.3373623681598616 0.4006930800445435
3 0.499520142095556 0.544336514600594 0.3548031348773614 0.34466125604708875
3 0.15382512917777819 0.4983454986473645 0.29041202013597245 0.262684002705271
3 0.2293362350854519 0.6201563166375014 0.32206206363895856 0.2802351293761799
3 0.2848192496187504 0.4186750852960017 0.3612336664125003 0.28537716271481595
3 0.30347375816812516 0.17933077462604732 0.4159588404244447 0.3547453280553611
3 0.7471166150257295 0.27028829789945913 0.37526241166284746 0.4183169320496341
3 0.5395041367772224 0.2813001652610033 0.2542212534184724 0.3184976507001803
3 0.16074401035232666 0.32556197931254643 0.24847778685347238 0.20596128803308938