3 0.80523256533855 0.8532376264182435 0.3895348693229 0.29352474716351296
3 0.8173120052750058 0.5455845316037282 0.3653759894499885 0.48889999326957534
3 0.8507108863624382 0.19966427784280452 0.2822626696406211 0.33460964687221456
3 0.7027313080349493 0.13210940182027248 0.21467397483619663 0.22020015439406193
3 0.5102253973161914 0.7793013359060126 0.4120592637964224 0.3446331677218971
3 0.5399229853862081 0.5123327962517117 0.35303881980277685 0.3632180316702353
3 0.5258921185055306 0.15585547571859817 0.26740923701106123 0.28888796991261045
3 0.6453472763783241 0.2444442657686106 0.28686834902377 0.3300585391920826
3 0.43115809131313226 0.27569295110799197 0.2907297345754293 0.37233696740532796
3 0.18337911038785576 0.261455640208297 0.3604070348997408 0.427462388096726
3 0.23370776176453223 0.7290894210871093 0.4283388287312306 0.38258780878812393
3 0.2643871972367612 0.5183708814328083 0.3293637662320544 0.25945653417751763
3 0.3459455198855023 0.13578335345698983 0.2105864926931041 0.2544387620741939