3 0.82734375 0.1796875 0.3078125 0.359375
3 0.503125 0.17109375 0.4375 0.3421875
3 0.17109375 0.1640625 0.303125 0.2484375
3 0.1078125 0.30625 0.215625 0.190625
3 0.75078125 0.46796875 0.2984375 0.371875
3 0.49375 0.4484375 0.3203125 0.3140625
3 0.14296875 0.47421875 0.2828125 0.2375
3 0.23046875 0.3578125 0.29375 0.253125
3 0.2765625 0.56015625 0.3328125 0.2546875
3 0.28359375 0.796875 0.38125 0.31875
3 0.72421875 0.7328125 0.334375 0.3859375
3 0.52109375 0.71015625 0.2234375 0.296875
3 0.15 0.6453125 0.228125 0.184375