6 0.6854394885423694 0.9206910598600256 0.233213584022908 0.15861788027994878
6 0.2263821145369605 0.9569639533274887 0.22289315467854492 0.08607209334502244
6 0.16562335797263764 0.6755881554371616 0.33124671594527527 0.5449263108743232
6 0.5724416912396861 0.6999758697200513 0.2072339813812704 0.35667056006354425
6 0.413129778564641 0.7589263555165917 0.2439350973901792 0.422922851459402
6 0.5960091972867748 0.35344178895693057 0.20403516136218053 0.2160182865245938
6 0.3254790686266837 0.30027232994904657 0.28016240404199805 0.3142024163942102
6 0.5526062846515007 0.12138721955789551 0.3572692493634532 0.22806609334172717
6 0.9030371632320502 0.7620078599775234 0.18039876137808902 0.3327694099013884
6 0.8408996952180509 0.8553416594943514 0.3019464973742707 0.2893166810112973
6 0.5184423452021424 0.9702109086835724 0.18828179734245404 0.0595781826328551