6 0.28828125 0.8763330439608655 0.2515625 0.22167719470081657
6 0.728125 0.9477774985678227 0.23125 0.09019083736472595
6 0.81796875 0.6920445718889596 0.3640625 0.5729862507160887
6 0.4328125 0.6598075206079118 0.246875 0.3747476507001803
6 0.578125 0.7393666565881853 0.2890625 0.44242604670590724
6 0.4609375 0.3180740066040938 0.225 0.23699311203054405
6 0.73203125 0.30476329523395906 0.3109375 0.3426805853755435
6 0.5359375 0.1175040313096829 0.375 0.2350080626193658
6 0.10546875 0.6683040099856825 0.2109375 0.35401698002863496
6 0.15546875 0.7911597073122282 0.3109375 0.3614305853755436
6 0.44296875 0.9417205919398665 0.1953125 0.10852266669318027