1 0.860208841755625 0.10345537821194899 0.0839412017473613 0.11609769867214012
1 0.42160158985576385 0.04777144213103659 0.09858427678548623 0.0740011022629363
1 0.4278301400082637 0.2165805294650541 0.09596842306201392 0.0958579215447771
6 0.43164155176802044 0.422099276439992 0.07205814437666672 0.07540906615858275
7 0.24257317287458272 0.7233839996072164 0.08572190729444458 0.12548178903121965
7 0.8322681864579506 0.9010570860574714 0.09742182028847246 0.09117951190385654
7 0.9631422056439927 0.6158422696043009 0.047312717514930824 0.08620112041330899
7 0.11329094206062465 0.4366556383672898 0.033394381458888935 0.02519089754067192
7 0.1512584950629161 0.6853476684215192 0.04596711664124999 0.028388620413308984
6 0.3555336466577774 0.4021225988450907 0.0456774823325695 0.08306703005422929
1 0.032754682561319304 0.17052612343837104 0.036810322188333355 0.03770907825883123