6 0.6991254724038599 0.1762024905713226 0.1668171274339844 0.1597215400222717
6 0.7019117329571667 0.3745672652371408 0.2250114569792892 0.18226924936345315
6 0.7134632930240061 0.6525013612349136 0.1963682597392326 0.1522544853596351
6 0.5419675373386681 0.14053880525941248 0.17958986282348768 0.17549199069063529
6 0.5045185357171103 0.40654561326386685 0.22333986282348767 0.1760010680299077
6 0.44532299351047355 0.5759501412715029 0.17378414772652384 0.11137494668999892
6 0.3952289050334198 0.1344353506126843 0.11805234496658024 0.14040791868236288
6 0.2632425194817606 0.17815008263050167 0.16813416558343128 0.14567722135581712
6 0.27900211282678306 0.30450349729472903 0.16350121266133194 0.14874767735518085
6 0.26893954586338 0.4335006539624563 0.1445057508107789 0.1344670013526354
6 0.655938939532714 0.5024200925764133 0.2565887394466932 0.2013828760343621
6 0.5389089468363146 0.27101664592618524 0.1632557508107789 0.13468517735518085
6 0.49406486201929944 0.9159387945974122 0.1338682597392326 0.15152723201781731
6 0.6466228461909868 0.8571439552435042 0.19927507142762976 0.13979084802672617
6 0.8077512609636391 0.8443337778883233 0.15094666558343128 0.14547722668681723
6 0.8438194001687463 0.9259286758832328 0.15895798863591432 0.06746131468809011
6 0.656909735396094 0.9390388452419133 0.22825345941492117 0.09951129336408933
6 0.6603823465914334 0.06886270524350413 0.15917617694751698 0.07996131468808994