6 0.43671875 0.33515625 0.09375 0.18125
6 0.70234375 0.50625 0.1015625 0.1234375
6 0.96015625 0.7453125 0.0796875 0.125
7 0.090625 0.3890625 0.115625 0.190625
7 0.7328125 0.27890625 0.125 0.184375
7 0.16015625 0.56953125 0.084375 0.08125
7 0.89296875 0.93515625 0.2140625 0.1296875
4 0.05 0.88984375 0.090625 0.21875
6 0.13984375 0.8953125 0.1078125 0.209375
6 0.18359375 0.953125 0.103125 0.09375
6 0.2734375 0.9546875 0.10625 0.090625
4 0.31796875 0.92890625 0.1 0.1421875
6 0.36484375 0.9359375 0.1140625 0.128125
6 0.44453125 0.97890625 0.0921875 0.0421875
6 0.23828125 0.53671875 0.15 0.1796875
7 0.37734375 0.0421875 0.04375 0.06875
6 0.44140625 0.06796875 0.0265625 0.034375
6 0.36015625 0.084375 0.0765625 0.15625
7 0.290625 0.2234375 0.059375 0.046875
6 0.2109375 0.68125 0.21875 0.20625
6 0.10390625 0.7625 0.1828125 0.1578125