1 0.3042302296125359 0.44346715710683765 0.10920516693047429 0.1021806444174139
1 0.6878049107287751 0.30766444985049046 0.08531302586424747 0.08641928903121973
6 0.14405725923770704 0.39128300927157805 0.12225073620994645 0.12100336729005097
7 0.3505429399582349 0.40882853669352864 0.05765938730530316 0.04876475292686635
6 0.7494792304704656 0.6041303836919077 0.1091429824490227 0.15373405405833437
7 0.5910385931651626 0.6534814647794093 0.024255853919208193 0.028261355386194252
7 0.6179674353393814 0.2112121515476927 0.01836956677218975 0.04072499394987581
6 0.519806383148668 0.06805757006740767 0.05559678213245363 0.03156816256778663
6 0.12722041488541022 0.1914148194782325 0.058903638558944316 0.03783634328594587
6 0.019554498977467975 0.32641250907518626 0.03910899795493595 0.06587953005422928
7 0.32207329598901413 0.5550631872592628 0.21076766693047427 0.10277151775758923