6 0.8461331825668683 0.7451014394493584 0.1558885626989074 0.2392817706874535
6 0.758695722549369 0.8719820057089299 0.2951510573679075 0.2560359885821402
6 0.6412013292489129 0.6294202534213597 0.2811249200349984 0.261048777371089
6 0.7435194492759571 0.43136510876826806 0.21976924936345324 0.2244022053628168
6 0.6047489452975926 0.27035378874917804 0.33430446403563463 0.2663544427116342
6 0.31061768463559236 0.2325516073758617 0.2891737773710892 0.28145218403881644
6 0.12390911998727332 0.2897357566836356 0.24781823997454663 0.2044715133672712
6 0.2365336526098208 0.42155901603277124 0.3020181280235444 0.1769283160407255
6 0.16390631663750135 0.5386550620225898 0.3278126332750027 0.21793512404517976
6 0.2700161252387316 0.7001112773710891 0.3338135680299077 0.22416694271163423
6 0.11487299721518726 0.8704034066677272 0.22176810136854383 0.25919318666454566
6 0.3203690192155054 0.8689141793443632 0.33901014536918017 0.26217164131127363
6 0.45856155191759473 0.6124492873965426 0.16379087468172654 0.1128283586887262