1 0.5385490439210946 0.5717315349063313 0.118296561346272 0.09735801542127547
1 0.23663200791695838 0.607464077923747 0.1245465613462721 0.0974671095770768
1 0.33809560526736665 0.4799373214309252 0.14811133068109025 0.10881371266133186
1 0.3277853612746845 0.4262219862035776 0.11168293467536321 0.06599892126547413
1 0.4176200206079118 0.425435007713933 0.06633407200827239 0.062082988635914306
1 0.5288938752785025 0.39459233644845887 0.0648079346753633 0.06518071509696402
1 0.5747699966184113 0.34536390381889903 0.041097714672181596 0.04133411201270878
8 0.29816839723904975 0.6891856363657334 0.21092041335136277 0.13646715421934558
1 0.6338177326145933 0.3724525093387861 0.16489884134309046 0.07473872158978576
1 0.23513423726927568 0.4676748750016476 0.07892497867599957 0.07011367694751698
6 0.6214899079408209 0.4250008108809137 0.10990225867281786 0.04722164772652384