6 0.7828125 0.25078125 0.346875 0.3453125
6 0.25859375 0.09140625 0.2234375 0.1828125
6 0.48515625 0.11015625 0.19375 0.2203125
6 0.64921875 0.05859375 0.1875 0.115625
6 0.1875 0.275 0.3171875 0.2671875
6 0.509375 0.32265625 0.3171875 0.2390625
6 0.428125 0.48671875 0.5015625 0.259375
6 0.87421875 0.54453125 0.25 0.3875
6 0.115625 0.78828125 0.23125 0.421875
6 0.31484375 0.83828125 0.275 0.3234375
6 0.5453125 0.9203125 0.3921875 0.159375
6 0.5734375 0.80078125 0.2265625 0.1484375
6 0.86796875 0.88515625 0.2640625 0.2296875
6 0.66328125 0.75703125 0.1703125 0.1921875
6 0.94140625 0.7484375 0.1171875 0.090625
6 0.7390625 0.52421875 0.1703125 0.1859375
6 0.17890625 0.4765625 0.153125 0.1625