1 0.1495049394095874 0.562550517855785 0.06642497867599957 0.06913179508134384
7 0.7093077480903596 0.6697065712267484 0.10243520401018139 0.07559087334017515
6 0.7869696714274047 0.6975002940011894 0.03330339600572714 0.042378397540672096
6 0.49199352609799546 0.7246884661351417 0.07412839067472703 0.05980224687674198
6 0.5230338934197688 0.6397185684962738 0.06964088534372692 0.07696247579950324
1 0.09496289007795096 0.5747323552879984 0.044240896005727004 0.042442030054229286
1 0.10005892274026933 0.542732921544777 0.05844884667409058 0.055023843285945874
1 0.10883393873326967 0.4912249636992548 0.05517839600572701 0.04250566256778665
1 0.053800993395906216 0.46121930113146814 0.067678396005727 0.04257838544042354
6 0.05681745273708767 0.5190454366700876 0.03159544533736345 0.0298693071815924
3 0.27237717604231626 0.31328229176169425 0.04100680800445433 0.033048849336070066
7 0.4722515487348605 0.5050572221852659 0.09000792934436319 0.08176815046753809