6 0.11535176834676435 0.17989549065086435 0.17913402985783758 0.17551017202418068
6 0.2954972897185908 0.3676302059595928 0.19762040944452863 0.13041584802672598
6 0.2907951124182771 0.6387603186266837 0.2666976623713949 0.18746582670272574
6 0.5922757991865606 0.6493138212524128 0.42492831888905724 0.2611771413908155
6 0.7800944826351943 0.45807865189373215 0.22166696350286302 0.23537606802990768
6 0.8383165696746243 0.2527275332193234 0.3218214996072163 0.26310217337681624
6 0.668530789620395 0.29845020790900423 0.20261698165323558 0.18359539202736244
6 0.4750802505891752 0.38350810260186663 0.2352658551898026 0.15585220003181668
6 0.0535102984991895 0.5009261533259094 0.107020596998379 0.19502269334818118
6 0.14454332289607805 0.3990722046467282 0.19144313231716562 0.14284312269254426
6 0.3466244942444634 0.17329840328613855 0.23695562021691713 0.17774538136536217
6 0.2611717658126816 0.4938023546308198 0.2088033491396783 0.17273061736154424
6 0.46588653688992043 0.48673309993636654 0.24144313231716552 0.1434249253659985
6 0.3670501028521115 0.287896705283275 0.09588519262201593 0.09954656134627218
6 0.05397793111094269 0.2556045626591367 0.08527494554888215 0.15566929201145402
6 0.17452119350577872 0.48309266864259204 0.18075107201231527 0.1849033533577261
6 0.24697849736772132 0.24789041796627428 0.0803147347764936 0.10873974801081765