6 0.8552845271858077 0.8300621925525509 0.17336713636243814 0.17698176535645374
6 0.666237843745469 0.6541007712444586 0.12994441882984215 0.19522268801718107
6 0.40066739082336966 0.6603165979471843 0.18424218100470674 0.2630283533577263
6 0.3814365551922802 0.3643864799490933 0.2588172613607904 0.41855219470081656
6 0.5626205511350906 0.17942858259073077 0.23029897483619663 0.2166987933640895
6 0.7650091655834312 0.14005009862350198 0.25814333116686256 0.28010019724700397
6 0.7223558356310894 0.28774851790264083 0.1815614659077429 0.19894767202418073
6 0.6451871838440806 0.4777473565802312 0.15400921022569988 0.23143290802036276
6 0.5442300247501757 0.9165109592616396 0.19645008035608366 0.15694198535963508
6 0.639127693176276 0.802102466581822 0.14230805113509035 0.18755563868554467
6 0.8544412272685333 0.6026820798854599 0.17591148376465035 0.23324994668999893
6 0.5433594512939509 0.6875683465945488 0.16917056006354408 0.2050522213558171
6 0.5437746883083074 0.4875228932606851 0.14164557792045168 0.23909995735199913
6 0.7408054212621789 0.5836877265675046 0.09535913879807012 0.09327838001272681
6 0.7848277512112254 0.9121485338956411 0.15689665665497757 0.12836245202099902
6 0.5557969959362197 0.7733785772597306 0.18276940990138843 0.17865335335772628
6 0.7850520734529296 0.7011655805617776 0.10761367694751697 0.07936133068109026