6 0.20546875 0.1453125 0.15 0.1546875
6 0.36796875 0.33046875 0.10625 0.1765625
6 0.62109375 0.34921875 0.1515625 0.2375
6 0.61015625 0.63203125 0.2078125 0.38125
6 0.41875 0.79140625 0.2015625 0.1890625
6 0.221875 0.8390625 0.2171875 0.3046875
6 0.27734375 0.6734375 0.1546875 0.175
6 0.3703125 0.5 0.1265625 0.209375
6 0.51015625 0.07890625 0.1734375 0.1578125
6 0.4078125 0.1921875 0.1171875 0.16875
6 0.18359375 0.3609375 0.146875 0.209375
6 0.48828125 0.309375 0.14375 0.1828125
6 0.4671875 0.5 0.1125 0.2171875
6 0.2890625 0.38984375 0.084375 0.08125
6 0.28046875 0.06640625 0.1390625 0.1234375
6 0.484375 0.22734375 0.1578125 0.1546875
6 0.259375 0.27421875 0.0953125 0.0671875