8 0.53359375 0.80859375 0.146875 0.10859375
1 0.7015625 0.76328125 0.05 0.04375
1 0.74609375 0.76328125 0.021875 0.04375
3 0.95625 0.8 0.05234375 0.07578125
1 0.0265625 0.77109375 0.034375 0.02890625
8 0.30390625 0.66796875 0.2 0.12421875
7 0.59609375 0.89765625 0.075 0.05
8 0.83125 0.6265625 0.03359375 0.03359375
8 0.1140625 0.778125 0.1015625 0.0703125
7 0.51953125 0.69140625 0.0796875 0.04296875
8 0.79453125 0.93125 0.06640625 0.05234375
6 0.74375 0.9421875 0.0859375 0.065625
8 0.97734375 0.9 0.04453125 0.04765625
1 0.975 0.73828125 0.05 0.0640625
1 0.9265625 0.62890625 0.03125 0.03046875
7 0.62890625 0.6359375 0.04453125 0.0296875
7 0.47265625 0.6375 0.07734375 0.04375
7 0.05703125 0.72265625 0.0453125 0.0671875