6 0.65078125 0.6828125 0.12734375 0.22578125
6 0.4703125 0.82265625 0.18515625 0.17421875
7 0.28046875 0.82890625 0.23125 0.28046875
2 0.52265625 0.33125 0.18046875 0.20546875
2 0.46640625 0.4953125 0.153125 0.1359375
7 0.9046875 0.83828125 0.1671875 0.17734375
7 0.94375 0.51875 0.1015625 0.09296875
7 0.95859375 0.29140625 0.0484375 0.09140625
1 0.8765625 0.39453125 0.09609375 0.1109375
1 0.74296875 0.378125 0.053125 0.06484375
7 0.853125 0.0734375 0.115625 0.078125
7 0.359375 0.8171875 0.0578125 0.0578125
7 0.9796875 0.03046875 0.040625 0.0609375
2 0.884375 0.0171875 0.084375 0.03359375
1 0.63671875 0.17734375 0.05859375 0.0515625
6 0.43515625 0.58046875 0.0484375 0.05546875