2 0.596952651416269 0.6143691105525557 0.13953630935708983 0.17579995159900647
2 0.4938832901018134 0.7528225564942213 0.1309783746817267 0.11169199980360815
2 0.894238920790858 0.9171890626425414 0.15666926535645337 0.16562187471491718
2 0.22766575473422418 0.4989470809893056 0.10797722668681722 0.1490556444174139
7 0.1936169240531339 0.39250618344863375 0.08681020401018133 0.07549996974937905
7 0.14402709874281466 0.5617374515990063 0.09714881468808993 0.1583670119038567
7 0.1705088774267684 0.6892266473442803 0.11906017735518085 0.16161927693097128
7 0.08206399542485943 0.6746505420562818 0.1507828920273624 0.20242608411256366
2 0.11025372477717674 0.8146488281606352 0.20501695337363451 0.29804765632127045
2 0.23450226933481808 0.012301053861942659 0.07212953866963616 0.022293156517662414
2 0.1613749466899989 0.172802216626121 0.1157533640197264 0.1459760962128121
7 0.08672893535168098 0.13565167456983915 0.10481586401972635 0.14591246369925476