6 0.4096359991469787 0.5978958913908154 0.0651898953265972 0.0491829346753633
6 0.6888741299402775 0.35185887476126837 0.07140352773541672 0.04769316000954502
6 0.8582599095755553 0.3600815494509491 0.02569098423243048 0.029978401336727068
6 0.6573721696435415 0.2280213854232686 0.024092116641249994 0.028397720003181703
6 0.769050632790069 0.43250089477240417 0.05109102773541672 0.04745680267345413
6 0.43362358548736085 0.3395112267265882 0.04295121941479181 0.03330339600572696
6 0.4494310766536456 0.29827769939526994 0.02412848423243048 0.029960220003181704
6 0.43344109432107614 0.3809265673933609 0.03819098423243048 0.03012385200509069
6 0.43158700038124964 0.42701122672658814 0.04458645459715278 0.0364465773392725
6 0.08659984907072873 0.5097391740133631 0.036701219414791694 0.03323067067154532
6 0.16640037110656225 0.30436187802354436 0.08626611474138893 0.082231792011454
6 0.5847010018998611 0.059943000079541786 0.01925914627652787 0.022093176002545345
6 0.45417770051309025 0.06076860872849715 0.014353440729444422 0.012663632001909009
6 0.4819760454028472 0.04155553206554244 0.012718205547083273 0.009520450668363555
6 0.48090189504225683 0.15485496339908789 0.019150043502986058 0.017405676002545344
6 0.27851981781993035 0.2548715027052709 0.05763196846486114 0.060029528007636036