4 0.5476030718313718 0.43824959926004886 0.10607845048646744 0.08090564934754471
7 0.7022751607121673 0.3012661252387316 0.0388091298696164 0.07543635200509069
6 0.5912655227248761 0.3431910905872309 0.05846706493480802 0.038172709341181485
7 0.523128771910802 0.6924922039306396 0.052053423701106105 0.028724984006999677
7 0.6545586351446221 0.20883372457832222 0.04443183847375849 0.0395715773392725
7 0.7074245365245938 0.19337180923777714 0.04281479139585791 0.036428396005727004
6 0.5895706091700397 0.2908564312540037 0.07927048863591431 0.06653406667727228
6 0.8886454886359143 0.05529800254618735 0.13140573295387128 0.09994655068427191
7 0.7904767698855023 0.1166087672263231 0.12183981818121907 0.08889996268299924
6 0.5908858729697575 0.14237347792014005 0.05435230925276535 0.07093066534054512
6 0.5039137528393738 0.21840072326545767 0.03968979139585791 0.036392033338636144
8 0.6003806132239342 0.9549280219207763 0.02587275324641105 0.05029090133672724
6 0.7909421943973873 0.2775735392266413 0.049201159090609535 0.04431362133990877