7 0.08144440095851754 0.5895442890312197 0.1628888019170351 0.23846357806243948
6 0.18583594340758283 0.421407888269094 0.20876698770335986 0.16527151775758925
6 0.3429121243221338 0.5488885145361353 0.07063975292686626 0.05665906615858276
2 0.45920929001317845 0.5683157462875668 0.1651442527304745 0.18689198770335977
2 0.6488348713952675 0.6069202249157404 0.23716469847574828 0.21231014422102223
1 0.7225092416121848 0.4323429266129426 0.05498748184962743 0.05188066256778665
1 0.7708381781840764 0.31699518256487097 0.08810905405833439 0.10519656010845857
7 0.9958558380213887 0.44955873945187574 0.003506795081344194 0.0656431807181594
2 0.8225239189124984 0.16182186923495853 0.10204428903121965 0.08340337334017515
7 0.6770614279876848 0.1867577158405541 0.0755363311856975 0.09262383723582168
2 0.6722017320460191 0.08203839958377543 0.1256090540583344 0.10541472872636941
2 0.7645210422526736 0.059918480769472884 0.07226588544042337 0.06760565651766241
7 0.4094971989667277 0.11566746925839966 0.17253859621281203 0.11506243949875791
7 0.8645007780111257 0.6011434444687277 0.061228391490547554 0.050354524004105096
6 0.4089603469001831 0.34223451443793945 0.20560562626704132 0.15900333703942984