7 0.07580204663711818 0.13473354830279777 0.07169446846486116 0.0597840661585828
2 0.220967769851632 0.0604415545493137 0.13532186379145844 0.10858518052176751
2 0.5069617808695488 0.1619166543763631 0.18350479065319458 0.09792948165323567
7 0.92096711664125 0.025634241612184742 0.12943423328249998 0.051268483224369485
7 0.4366148729095142 0.26155810607356533 0.1363024823325695 0.08359427088084707
2 0.4261326210096531 0.31475128376666245 0.10189111474138883 0.08183178298109554
1 0.34922462889343775 0.30035296136156375 0.09974673328250008 0.05682269262201593
6 0.4885092537028129 0.5105086904807166 0.10872299620027803 0.10686814441741391
7 0.4940734951534381 0.7495711904807166 0.059230836056041625 0.06127384328594587
2 0.61567443179882 0.6699468021134267 0.09131729065319458 0.09739315046753809
2 0.8262294188810422 0.6187150584581386 0.16751611474138883 0.08221357806243948
2 0.7636963173417716 0.7855076487190223 0.17220361474138884 0.0822408491396784
2 0.9026782436348266 0.8588628146064586 0.19464351273034666 0.19498628883482816