1 0.3175520133767947 0.8717117642067549 0.10700449980360834 0.13154210064862326
7 0.5909451033430908 0.6060286684293956 0.12236587939029953 0.08650233603812651
0 0.3146047962596943 0.7069361980541305 0.06448974687674199 0.07455571509696383
7 0.336263711165172 0.20660891558672656 0.18844539734428026 0.1657728246740408
6 0.5115227863989411 0.1590230292242885 0.059656801131468026 0.049473894480112926
6 0.4033426477370637 0.08982479018133711 0.09758404800821019 0.12356595941492107
6 0.47165683138208914 0.03399535024488131 0.14106133723582168 0.06799070048976262
2 0.5991051205115048 0.014772017453165675 0.10803975897699054 0.02954403490633135
2 0.7597784792173488 0.18593653653118442 0.13662836729005096 0.12112279788867956
2 0.6105733647559681 0.1861974095009419 0.10227154800821019 0.12364778003177213
7 0.8754625665513661 0.17376204464885928 0.040843168617910666 0.038209112012708824
1 0.7915420845053471 0.09710981575217763 0.04082498789975162 0.03508411201270882
2 0.7967068283570271 0.022319690343492897 0.08471134328594587 0.044639380686985794
6 0.8756312590751862 0.0186492195644861 0.11748748184962743 0.0372984391289722
2 0.952861379586691 0.03733498985702556 0.07865224082661797 0.07466997971405112