7 0.6358560848236058 0.3254321874204051 0.0374375446422686 0.08635567067154523
7 0.4298282272751239 0.3550725920591791 0.06940456493480802 0.03829997867599957
2 0.3975009224865854 0.4164277153882702 0.11041139448011297 0.06064769334818117
7 0.24855708766627488 0.5780090107017711 0.08875458279171564 0.072893154678545
2 0.4501002224071552 0.670997584062679 0.08425799756436803 0.08377611067790855
7 0.31971547281419227 0.8437345553787253 0.12027731818121908 0.08888178134945406
2 0.2877427240320083 0.8847771787078162 0.2411819277582959 0.21370106269890776
1 0.3122284809318671 0.9572232486871354 0.05624209172016936 0.08555350262572929
7 0.27053585877288855 0.9733567786839536 0.0666068474022122 0.0532864426320927
2 0.42320689124029265 0.9582430453930428 0.09670345048646745 0.080796561346272
2 0.6165398798762068 0.8948543494191323 0.09088982710967279 0.10572383601209054
6 0.674352379876207 0.8955270587603138 0.07534664772652384 0.11022952267663584
2 0.7706330905089439 0.841167370106586 0.08242276217486477 0.06813292934436319
2 0.7771655085280071 0.7802935047739951 0.08132391233702059 0.09467724801081764
7 0.8162689188364327 0.7784042881126313 0.04607615909060954 0.044277258672817864
7 0.6441911416440345 0.6537208194223141 0.07932503571381488 0.0696590666772721