7 0.6161608019971364 0.03185316111590912 0.11767839600572713 0.0442330154212755
7 0.5962182826225475 0.3354730389569306 0.07227498933799978 0.035629582791715644
6 0.5003245272915474 0.3166082163114846 0.09623974801081765 0.0813511858759707
2 0.38585021057450425 0.6857791818154857 0.07307496801399935 0.10437958279171564
1 0.456409253262276 0.5315104675293006 0.06802384134309047 0.0730477621748646
7 0.4749308919080496 0.685771273535655 0.126109061346272 0.0974943831160271
2 0.5543627585535053 0.8434394975610727 0.13108746268299926 0.12257620373287814
2 0.759133169239368 0.705578807624617 0.13094201201463562 0.11007620373287814
7 0.8142922892266412 0.8003106550268292 0.053579533338636055 0.03998980032431163
7 0.8277093518857779 0.8560248668773823 0.08045111600890849 0.0670159504864671
3 0.731378697207233 0.9418611810014115 0.06173747867599957 0.06981366801906326
2 0.7694514092139146 0.8932969959362197 0.08021475867281787 0.04670345048646744