7 0.6175385205862595 0.3432350809251394 0.039226126463433174 0.02903418977951393
7 0.5075549874087723 0.3703586657469101 0.03352154800821019 0.12263871941479172
7 0.6395827339909268 0.6413641096104866 0.033248837235821685 0.07576371941479162
6 0.5738072221852659 0.47969860457649355 0.01269998789975162 0.03466594072944442
2 0.5481618066906131 0.3681792231176046 0.02698065651766246 0.07249324905006951
6 0.5477078096174793 0.42441103932201435 0.012618174668035031 0.020603440729444422
7 0.5499162459929792 0.6697417231176046 0.03155907220870695 0.053852351823611144
1 0.7441475141433519 0.6227069882195839 0.01571590359079611 0.015988675911805573
7 0.7016645774732643 0.5709438132577089 0.015788626463433174 0.028488675911805574
1 0.7576686168972675 0.39570873033579923 0.006359084308955332 0.0188954703647223
1 0.7511964239806639 0.4916388261754867 0.007921584308955332 0.018931837955902787
7 0.8265206943705318 0.9519236691653827 0.01738748789975162 0.03477504350298588
7 0.5498672907797356 0.929861605526424 0.01896816861791084 0.037936411094166546