1 0.121875 0.80859375 0.125 0.09375
0 0.3140625 0.790625 0.0796875 0.0796875
7 0.34765625 0.440625 0.08515625 0.07890625
7 0.81171875 0.7296875 0.16328125 0.1921875
6 0.92578125 0.6640625 0.10078125 0.09375
6 0.9640625 0.60234375 0.071875 0.11796875
6 0.83828125 0.55234375 0.04296875 0.05546875
2 0.7875 0.4515625 0.1203125 0.09375
2 0.9640625 0.48359375 0.071875 0.09140625
2 0.7890625 0.315625 0.103125 0.11796875
7 0.7828125 0.22109375 0.03828125 0.0359375
1 0.865625 0.28125 0.0453125 0.03359375
2 0.94296875 0.290625 0.08984375 0.07578125
7 0.9578125 0.22109375 0.08359375 0.096875
7 0.9203125 0.14453125 0.08046875 0.078125
1 0.8703125 0.1328125 0.04609375 0.03515625
7 0.8609375 0.0890625 0.0421875 0.03984375