7 0.382116683243186 0.6572577520318902 0.03940794533736343 0.03036933847375849
7 0.4894479252466858 0.6296082646137918 0.03733746268299924 0.1209397913958579
7 0.3753239799490933 0.3683725300350674 0.03522952267663584 0.07403751785690744
6 0.43130016526100334 0.5251759090939048 0.014462489337999785 0.03462046185055314
2 0.4503672439131403 0.6318526030875504 0.02894316000954511 0.07080342370110611
6 0.4533382499204581 0.5779054427791248 0.014280676002545433 0.01899546185055314
7 0.4639143126193658 0.3402690750843732 0.031886346674090585 0.055232970779006775
1 0.27356148528009333 0.3873328100668395 0.015806813335454438 0.015897735389503433
7 0.31282343260663914 0.4366373348236058 0.01749658267027261 0.02686250892845372
1 0.24835075791695838 0.6072595263816194 0.008012494668999892 0.017323867694751627
1 0.26037004726291235 0.5140998616089669 0.008012494668999892 0.017323867694751627
7 0.21010115865690954 0.0681930722417041 0.017587489337999786 0.034675008928453745
7 0.47777900732018247 0.08851566031172078 0.020767033338636054 0.03941705600635441