7 0.32578125 0.40390625 0.02734375 0.03671875
7 0.35703125 0.50703125 0.11640625 0.02890625
7 0.60859375 0.3796875 0.07109375 0.03046875
6 0.45703125 0.44375 0.03359375 0.01171875
2 0.353125 0.46953125 0.0671875 0.025
6 0.40625 0.46875 0.01875 0.0125
7 0.6390625 0.4640625 0.05078125 0.028125
1 0.58671875 0.28046875 0.0140625 0.0140625
7 0.53984375 0.321875 0.02578125 0.01484375
1 0.37109375 0.2703125 0.0171875 0.00703125
1 0.46171875 0.27578125 0.0171875 0.00703125
7 0.89609375 0.1984375 0.0328125 0.015625
7 0.8859375 0.46171875 0.03671875 0.0171875