7 0.6243011133434087 0.0708645676320925 0.22983404535327184 0.141729135264185
6 0.44011756468808994 0.15271263594050274 0.15232721069381688 0.20174540802036267
6 0.5499663740451798 0.32645812392586704 0.05390679734245403 0.06780566534054513
2 0.5568259960614063 0.445925739258458 0.1798885893539081 0.15363517202418073
2 0.5731611627545868 0.641074607256549 0.1979124306969986 0.2257101666931806
1 0.3878327374283593 0.695581935948457 0.050618165340545127 0.05370680267345431
1 0.2663486360995863 0.7305938299650017 0.0993829293443631 0.08239542401336308
7 0.37322753413426657 0.9848535212842296 0.06584317600254526 0.019513616008908486
2 0.10344010343726795 0.7645250293205006 0.07767156134627214 0.09620338534372692
7 0.14473617075108702 0.6202750426480008 0.08984429734245411 0.06822383601209037
2 0.04843333541531441 0.6034244446610457 0.08421246268299926 0.12127611067790856
2 0.023697512094177482 0.6935681866645456 0.03201361600890868 0.06598862667090888
7 0.10556239337999784 0.3425682133195461 0.10192722135581715 0.16678860534690845
7 0.5413042774506309 0.8578808465945487 0.045985209341181485 0.05833975867281786
6 0.33323340738381585 0.36804782928868385 0.14604084802672607 0.19854768268618095