2 0.5943220833031593 0.49299869158246584 0.07300370174736112 0.1172615416031249
7 0.7216846703091315 0.4615694664680909 0.09793096656499997 0.11471842306201392
7 0.08083885192052034 0.5904814892664236 0.053744555470833434 0.09495013050895836
7 0.48269751833302055 0.31843248983510464 0.08953658510611114 0.08953658510611114
8 0.392162130890208 0.3796407871378128 0.12409342306201401 0.09814917211208343
8 0.4843483244694441 0.44901034260864625 0.11598998233256949 0.08546733415618064
6 0.36308634783645777 0.688506640861285 0.06867857123840278 0.06562630642076392
7 0.3813837125778467 0.607638500568681 0.07401938145888884 0.026709276785486225
6 0.8080182945498258 0.6480537867565632 0.05705008700597247 0.03568423328249999
6 0.5075455158644786 0.6613837092498962 0.07598192496187509 0.04393314437666671
7 0.270188373387673 0.7840535705728128 0.013045513867708358 0.02372844072944442
7 0.19951676994854123 0.5627584924005558 0.02776263050895835 0.05218074905006951
6 0.3135948409026036 0.6990798117390975 0.047529616641249994 0.029216027735416716
6 0.4388689042572217 0.6230466014423615 0.03644664627652787 0.02271145459715278
6 0.13080313753972175 0.5595958183886113 0.08306837955902786 0.08001611474138884
6 0.6337313818401386 0.4118402637707991 0.1539627610179167 0.10665265634451408
6 0.6320760032310412 0.5165459475663894 0.08641158510611113 0.08946384992375016
6 0.9310226495075691 0.5016171574818757 0.05109102773541672 0.048038762917777866
8 0.504312066301319 0.6323865402719449 0.02383754350298606 0.01773301386770836
7 0.21332404359989532 0.607635234516771 0.06050239532659729 0.04981946846486114
1 0.18134211930361038 0.8734414192622918 0.02725348423243057 0.030305749050069507
3 0.24602286835367987 0.8483699905006947 0.024019381458888933 0.025545513867708536
6 0.25941256791683953 0.8776035488213196 0.08688305737069442 0.04262521751493083
6 0.0982042706141313 0.7847406355429515 0.024201219414791697 0.033358013867708536