2 0.23861562986632104 0.5615778521079516 0.2175262394466932 0.20341985999173637
1 0.36539195859755164 0.9346906566288544 0.13184210957707682 0.1264560100679862
7 0.8182072670395379 0.8827554418668061 0.20300008928453755 0.17653005167111147
6 0.6242452126580367 0.6423992795383686 0.24214440990138844 0.1821267414506252
2 0.3880604764577543 0.4885248246568753 0.1642375982129911 0.19280836189159736
1 0.33179643424782235 0.7995883048052435 0.06846935633066593 0.07500130642076393
7 0.4870039058376081 0.9611050734226044 0.10777731818121908 0.07778985315479119
7 0.06950276013967915 0.939517748100139 0.02803527110331836 0.08499324905006915
7 0.6764160442352316 0.27579431420763945 0.31250354869945857 0.27591441546256973
6 0.703784887983996 0.4568267618709381 0.19301716314779932 0.23096297853284736
6 0.09051686931301421 0.7564876957634376 0.09012616801906326 0.0630104526972918
1 0.12902026176453224 0.7253656355429514 0.06043866801906326 0.06231946846486114
7 0.7797271939870549 0.959953068291702 0.1075591298696164 0.07747299620027803