0 0.9012083494341023 0.3441480141231307 0.10457049756436802 0.08401246801399935
7 0.4564197751638034 0.2194169027291335 0.10629663879807012 0.0934056493475448
7 0.6227956083658513 0.8050651434197688 0.18877394805083547 0.16466357869190773
6 0.32896951623864495 0.7164726213796797 0.10338982710967279 0.10586928668045381
6 0.4448342495995535 0.793617471395588 0.05073638555165907 0.042769302673454135
2 0.36302909619098683 0.8692436327179976 0.09026253571381497 0.06978633601209054
6 0.5368523798762069 0.8939271014083147 0.07521028003177221 0.10241702267663584
6 0.46415917370769666 0.9368931146960442 0.09760347727182861 0.1262137706079116
7 0.41953246632137053 0.9449163420591791 0.0631272913958579 0.036664753341817756
2 0.1986234971639215 0.7079232300286351 0.1127648271096728 0.10597837468172652
1 0.9867675685882562 0.09821844346749384 0.025210280031772215 0.10183522000318168
6 0.7328749553577313 0.09448272676635906 0.28416826866768635 0.17046014003818005
7 0.11547976055660211 0.6811692786839538 0.033412517856907444 0.03475680800445424
1 0.17405809943739772 0.817034600692226 0.07173072402541769 0.08206816000954512
2 0.13988192248988068 0.8947777926877716 0.06221935633066598 0.07414657200827221
6 0.09600128328477356 0.8122192840149539 0.08140573295387141 0.09936474801081766
7 0.032871406658272824 0.7582670333386361 0.06574281331654565 0.09778406667727228