2 0.31453405844198634 0.07168374953778159 0.13178756249917623 0.12408602084968252
2 0.24891737216227386 0.47232259553943107 0.13425008928453738 0.1756939849563052
2 0.25310249148187863 0.6803624160725444 0.26383995210802513 0.35281407759274225
2 0.3829884090939048 0.4488660266556703 0.1534910129856435 0.20436455423577726
7 0.372240049516828 0.5720534740692456 0.15568871266133194 0.1513304824490227
7 0.40026781778077253 0.7127837741483878 0.17892738960884885 0.23009197994174038
7 0.5109792211893392 0.6394037616119755 0.13814665665497755 0.13051787727617317
2 0.6050349586074375 0.5350548939027137 0.12753643912238158 0.1489496285298145
7 0.7025627491925164 0.6348168646732539 0.06956029788867965 0.1378924565847754
7 0.7961552418889157 0.8704708713371716 0.05851370373287814 0.1313242078384164
7 0.9331836834469293 0.8119262486133447 0.10925008928453721 0.17496655925034227
2 0.9656125795518953 0.9593381768930971 0.03768300649282175 0.08132364621380575