7 0.275 0.6421875 0.10078125 0.0578125
2 0.37421875 0.6921875 0.08203125 0.11171875
6 0.40078125 0.9328125 0.11171875 0.13359375
6 0.6140625 0.5359375 0.0640625 0.0421875
7 0.475 0.4125 0.02109375 0.053125
7 0.37109375 0.446875 0.028125 0.0265625
7 0.865625 0.6390625 0.0796875 0.05859375
6 0.88203125 0.59765625 0.04609375 0.040625
6 0.8 0.5890625 0.078125 0.05078125
6 0.65546875 0.6203125 0.03828125 0.03046875
6 0.70625 0.67421875 0.07578125 0.0671875
8 0.40703125 0.7890625 0.11953125 0.140625
6 0.29765625 0.72890625 0.10234375 0.1109375
6 0.21640625 0.52265625 0.03671875 0.0375
7 0.26875 0.9328125 0.09453125 0.10390625
7 0.9125 0.88359375 0.046875 0.0953125
7 0.94375 0.8140625 0.0375 0.11640625
6 0.890625 0.6359375 0.0421875 0.04375
6 0.50625 0.74921875 0.03671875 0.0609375