7 0.03359375 0.38359375 0.0671875 0.11328125
7 0.3390625 0.39921875 0.03359375 0.06953125
6 0.321875 0.49140625 0.0765625 0.09140625
2 0.67890625 0.59765625 0.0984375 0.06953125
1 0.5296875 0.53125 0.06953125 0.06484375
7 0.678125 0.51171875 0.09140625 0.1203125
2 0.828125 0.43359375 0.115625 0.125
2 0.6921875 0.23828125 0.103125 0.125
7 0.7828125 0.18359375 0.03828125 0.05078125
7 0.83515625 0.1703125 0.0625 0.0765625
3 0.9203125 0.2625 0.065625 0.05859375
2 0.87265625 0.22578125 0.04296875 0.0765625