2 0.13125 0.89921875 0.1203125 0.1203125
2 0.74296875 0.69140625 0.0796875 0.09609375
7 0.56015625 0.7484375 0.06484375 0.08671875
7 0.44921875 0.571875 0.05546875 0.06953125
7 0.36796875 0.428125 0.04296875 0.07421875
7 0.78828125 0.484375 0.0625 0.08671875
7 0.86171875 0.86328125 0.103125 0.13671875
1 0.97734375 0.92890625 0.04296875 0.05078125
2 0.9890625 0.6765625 0.021875 0.053125
6 0.90234375 0.884375 0.19453125 0.23046875
7 0.0640625 0.4671875 0.06484375 0.0578125
7 0.98671875 0.2859375 0.0265625 0.040625
2 0.96484375 0.34609375 0.06953125 0.0796875