2 0.523288110372986 0.22317936803846622 0.2098153303564585 0.22626829796757128
1 0.9138942733670137 0.26894312674744786 0.12020601006798622 0.1330973079967011
7 0.9210254811952078 0.7350909639736086 0.12972778685347244 0.20676212852981452
6 0.6741530940367356 0.5934417069139798 0.1885222118153475 0.2506318004748536
2 0.4779541605254858 0.39072456921296517 0.19920383225631966 0.17287051332783515
1 0.7787380233670137 0.2650104815245859 0.07819904160312507 0.07254024122451135
7 0.9557525054152428 0.38508260378619424 0.05868662860909737 0.10632420783841656
7 0.3184817094437147 0.7261583008705651 0.28707012100965307 0.3253255750854599
6 0.5048010691511106 0.7151622795586642 0.23583231648875014 0.20360368778015675
6 0.6884260671543403 0.04739342102060238 0.0637728656913195 0.05650606426490725
1 0.6674043991263193 0.07727113763450752 0.06700696846486132 0.0612844924781526