6 0.6787735072406406 0.6828125 0.24380563868554467 0.1390625
6 0.8271308332670484 0.48828125 0.1898272106938169 0.2
7 0.8318199752944109 0.28671875 0.304471513367271 0.25
2 0.3045103985916852 0.55234375 0.22414766669318062 0.1953125
2 0.4794564019335031 0.48984375 0.1488022213558171 0.165625
7 0.8439150598743239 0.92578125 0.19222495735199913 0.1375
7 0.5051247325350514 0.96953125 0.10227157200827222 0.0609375
7 0.26499917186509714 0.99375 0.09702045066836354 0.0125
1 0.37513778787400576 0.928125 0.11996814934754481 0.1046875
1 0.356488879893414 0.78515625 0.0709852093411815 0.0578125
7 0.03727853994272991 0.90546875 0.07455707988545981 0.1234375
7 0.819900683282957 0.37109375 0.06322725334181775 0.0625
1 0.1429087325748224 0.6765625 0.05699543467536321 0.0640625
6 0.5689188912715029 0.45546875 0.061537484006999675 0.0515625