2 0.675 0.9203125 0.11796875 0.15859375
2 0.734375 0.5265625 0.11796875 0.15625
2 0.73046875 0.33515625 0.23046875 0.3125
2 0.61171875 0.54921875 0.134375 0.18046875
7 0.62109375 0.4359375 0.13671875 0.13203125
7 0.5953125 0.3078125 0.15859375 0.2046875
7 0.49375 0.3765625 0.12265625 0.115625
2 0.4078125 0.47265625 0.11328125 0.13203125
7 0.31875 0.38203125 0.06015625 0.12265625
7 0.23203125 0.1671875 0.05078125 0.11796875
7 0.078125 0.22421875 0.15390625 0.1546875
2 0.04609375 0.0609375 0.0921875 0.121875