7 0.6388603159611836 0.27846497191282216 0.06375451201463563 0.10853975334181776
2 0.6931200072804116 0.38172578457195894 0.12133065467854501 0.08889996268299924
6 0.9350347872772298 0.40234517787241497 0.12014996268299924 0.1216942813494537
6 0.5292098592457313 0.6390672119271397 0.04611247867599957 0.06927725867281787
7 0.3988603825986849 0.49607228461172975 0.0565227200031817 0.024092028007635945
7 0.43373591661363875 0.38552513594050275 0.02845226400381797 0.02845226400381797
7 0.6394184638765512 0.901811565245095 0.06506247334499946 0.0866829346753633
6 0.5962406285407785 0.9202803019175946 0.04431362133990877 0.048946577339272324
6 0.5863121925525507 0.8336888212524128 0.05565111067790855 0.0834488466740904
6 0.6177814632400043 0.6802183759150494 0.031722714672181594 0.04098862667090888
6 0.6757661385662319 0.7318803259070952 0.07438292934436319 0.08210452267663584
8 0.7943006992759571 0.413356497891505 0.15150905068427195 0.13143290802036275
6 0.7307932772915474 0.29926727323364094 0.12002269334818116 0.1107567813494538
6 0.5122074566359105 0.22057175059677592 0.03949885200509069 0.037954533338636055
7 0.9413495166295472 0.2624468838717786 0.10586928668045417 0.1027806493475448
7 0.897494045870506 0.9433338045433238 0.10216248400699968 0.05274428668045381
7 0.8245196225334606 0.9715229865531871 0.12376476400381797 0.029561325350090328
6 0.6359934718730512 0.9276291779121859 0.04740225867281787 0.04585794000636341
6 0.7540109592616396 0.5192797812301411 0.06607953333863606 0.03982611600890884