0 0.0911564285690748 0.34325457543016086 0.1077500446422687 0.086555644417414
7 0.5302035174498704 0.20553029899016884 0.1094761858759707 0.0959397347764936
7 0.38501689163414854 0.7954972897185908 0.1935705422066368 0.16985902380771342
6 0.6755134322192274 0.6969223925707022 0.10656937418757337 0.10842155405833438
6 0.56285551947517 0.7780547387835144 0.05232615909060954 0.044049981849627426
2 0.6469771493447862 0.8525729497522946 0.09187958279171564 0.07240224082661798
6 0.47326295981536753 0.8824927747896719 0.07836255357072233 0.10357042759490157
6 0.5459425292144026 0.9281683682720097 0.10240007142762977 0.1380817829810958
7 0.5928448027533529 0.9294581574996211 0.0647170649348082 0.03787270472226467
2 0.8050100174465751 0.685230392767094 0.11597164772652384 0.11003859621281205
1 0.005624482953871419 0.09841477410230096 0.00961255357072244 0.1031704517953981
6 0.2500330020285949 0.08996088290634077 0.2889375892845374 0.17353853571157002
7 0.39867779138926723 0.9962194523845731 0.06255454707790067 0.0034886143631844392
7 0.887331593745469 0.6566236037358743 0.03500229139585791 0.036137487899751616
1 0.8342629151730989 0.7944463114832007 0.07488299756436803 0.08323974687674199
2 0.8707692053511409 0.8715855284039093 0.06380912986961604 0.07536361436318444
6 0.9114975710172974 0.7877463387087597 0.08458528003177221 0.10204428903121965
7 0.9684865417995997 0.7303378388069555 0.06302691640080056 0.10043633723582168