4 0.56015625 0.53515625 0.07578125 0.10078125
7 0.7015625 0.684375 0.07265625 0.03359375
6 0.65546875 0.575 0.034375 0.05703125
7 0.30546875 0.51953125 0.02421875 0.0484375
7 0.79140625 0.63359375 0.0375 0.0421875
7 0.80859375 0.68515625 0.03515625 0.03984375
6 0.70703125 0.571875 0.0609375 0.075
6 0.95390625 0.86015625 0.0921875 0.12421875
7 0.8890625 0.76484375 0.08125 0.1140625
6 0.8546875 0.5671875 0.0671875 0.04921875
6 0.7765625 0.484375 0.03515625 0.0375
8 0.04765625 0.60625 0.046875 0.02265625
6 0.72890625 0.77109375 0.040625 0.04609375