0 0.33125 0.88984375 0.07890625 0.0984375
7 0.2234375 0.4546875 0.0890625 0.10078125
7 0.78671875 0.63515625 0.15390625 0.178125
6 0.70859375 0.34765625 0.10078125 0.09609375
6 0.78046875 0.46171875 0.03828125 0.0484375
2 0.85703125 0.38515625 0.06484375 0.084375
6 0.87578125 0.55546875 0.09609375 0.06953125
6 0.93046875 0.4890625 0.1390625 0.0921875
7 0.928125 0.44296875 0.03359375 0.06015625
2 0.70390625 0.2203125 0.10078125 0.10546875
1 0.0921875 0.978125 0.0984375 0.04375
6 0.08671875 0.71953125 0.1734375 0.26953125
7 0.99140625 0.6375 0.0171875 0.06015625
7 0.68125 0.13828125 0.0328125 0.03203125
1 0.81171875 0.2 0.0765625 0.06796875
2 0.8875 0.1703125 0.07109375 0.0578125
6 0.80859375 0.12421875 0.09296875 0.07578125
7 0.7578125 0.05234375 0.0921875 0.07890625