7 0.6231657280793121 0.7417627147794092 0.07068642126547413 0.11133747579950323
2 0.6815764715864904 0.6414127359548439 0.12507391233702042 0.0944681383672897
6 0.929209807627912 0.6297929381430256 0.1415803847441758 0.12741699375348398
6 0.5309007670428333 0.37976268452878825 0.049664809252765355 0.07059430113146821
7 0.39421106493151287 0.5165092264868743 0.05824887662320544 0.025336343285945872
7 0.4235048729664621 0.6280688952029809 0.030205697240056395 0.0298602168225127
7 0.6522091566549776 0.12278091062287903 0.07030459172016937 0.08946247579950314
6 0.6088858506486231 0.10271839549756852 0.04621252678536116 0.0518261204133089
6 0.5963097585214167 0.18795645872928507 0.060847771103318314 0.08472043364502549
6 0.620871202108025 0.34173544370217046 0.03511138555165907 0.04238748789975162
6 0.6809495856310894 0.29216216969806535 0.07647277110331832 0.08481133723582168
8 0.7842105478853844 0.6126877722555892 0.15703302434972918 0.13527494554888228
6 0.7150395823813833 0.7232576335937118 0.1254284683433749 0.11478063836728972
6 0.4943782548646734 0.7940797145830176 0.04289661201270878 0.040870439695149585
7 0.9275492650109431 0.7673383899384236 0.11750687418757337 0.10848518657189174
7 0.9110386858759707 0.09002191101566248 0.10410684740221221 0.05684996369925477
7 0.8408528709411625 0.05292643199470548 0.12584547970746057 0.049164728726369414
6 0.650196643262297 0.09700875098195864 0.05081820616851011 0.04716589149054777
6 0.747967310467286 0.5058565101553408 0.06792388555165907 0.04257838544042354