7 0.06546805072475809 0.8405198599841139 0.10355346834337482 0.11583528003177221
7 0.326543692769239 0.9781935892878326 0.10367047077900678 0.033050053570722326
7 0.2388765028360785 0.7015140868522007 0.11359094155801355 0.06446369480442442
7 0.10579562702694725 0.33028574350717826 0.17307503571381497 0.07175008928453738
7 0.07040577759614011 0.1832022378251354 0.11627165665497755 0.12855346834337483
7 0.6305633965054125 0.6212172918061902 0.09198867694751697 0.07970686525911966
7 0.7336628973161915 0.7522706485438932 0.08167846834337489 0.11545345048646745
6 0.31648725973593733 0.6259180231352085 0.030505706168510206 0.047393197240056396
2 0.47838683643857305 0.9020832824706992 0.10473413879807011 0.09398755357072233
3 0.09522059131313229 0.2616993847408803 0.14503185633066598 0.07594666558343129
7 0.5885065357105196 0.5398951538188991 0.07003185633066593 0.07463753571381489