2 0.26328125 0.8945926952975926 0.1375 0.16878745735199913
2 0.25 0.4939659866327288 0.1390625 0.1750556386855447
2 0.27734375 0.29989781329568355 0.2734375 0.3484942333704528
2 0.37109375 0.5300569332829569 0.159375 0.2018544960216353
7 0.375 0.4151677299490933 0.15625 0.15181813335454458
7 0.41875 0.28731490260982084 0.1875 0.23030676002545336
7 0.51171875 0.3682643632638668 0.1390625 0.13443063868554467
2 0.5875 0.47519506858691274 0.13125 0.14840223201781733
7 0.68828125 0.39355362257323157 0.075 0.1321227040101814
7 0.803125 0.18518604455764137 0.065625 0.12576361600890867
7 0.93203125 0.26102983454014217 0.1359375 0.17658177601845368
2 0.975 0.10506109786764246 0.05 0.12714430267345422