2 0.8572562220241815 0.09325367641655088 0.12863712852981452 0.1257272287263694
2 0.2600104636444043 0.3186465026322786 0.08572220282385157 0.10048178903121974
7 0.4386379173261856 0.2564151891059745 0.07134145407749273 0.08946247579950314
7 0.560849201107992 0.42975321603694583 0.06142088479802066 0.0706579336450254
7 0.6508784707040333 0.5708781857863248 0.049102741224511345 0.0768352107723885
7 0.22779867187853223 0.5270175388348279 0.06821645407749281 0.08944429508134384
7 0.13012307218246605 0.1499505239059092 0.11190426959604131 0.1412522347764936
1 0.01741247202418148 0.08836760841125638 0.031187815518548472 0.05173521682251274
2 0.017723675243744484 0.3406704517953981 0.017170779625171162 0.0532159035907962
6 0.09596102084968253 0.13022383118569744 0.1912855442066475 0.2385726623713949
7 0.9517901013454189 0.5234184202682308 0.06891513605166182 0.059765885440423536
7 0.04237095189941477 0.7313727198475748 0.0293525308788124 0.04235112646343318
2 0.060129101741130196 0.6705488493360701 0.07428459765100208 0.08323065651766245