1 0.77734375 0.1671875 0.06171875 0.06640625
2 0.58828125 0.23125 0.15234375 0.18671875
2 0.5078125 0.35234375 0.16796875 0.15078125
6 0.62890625 0.5921875 0.1484375 0.21640625
6 0.465625 0.62421875 0.15859375 0.1171875
7 0.9 0.8265625 0.1734375 0.18046875
0 0.0328125 0.259375 0.06484375 0.071875
7 0.96875 0.09765625 0.0625 0.06015625
1 0.82734375 0.3390625 0.0578125 0.05546875
1 0.95078125 0.3703125 0.0984375 0.134375
7 0.2859375 0.5640625 0.25390625 0.2171875
7 0.971875 0.478125 0.05625 0.09453125