7 0.16639478826764575 0.9084309624572701 0.07369356426490725 0.0645913489046432
2 0.31982967682659014 0.9414982120615587 0.14353470282385156 0.10409176959604131
2 0.5697350854437941 0.7966102947353729 0.1860404515702104 0.11625680047485361
7 0.9637241485215672 0.8637186090667871 0.07255170295686568 0.1137562746106063
7 0.48138798779279207 0.7162983205996204 0.14022784639736088 0.09775084138279588
2 0.45886211843417757 0.6676933360390266 0.10571645407749272 0.092063131037097
1 0.38934524030007456 0.6970829708370473 0.10186402837152997 0.06697220282385156
6 0.47578989099971986 0.47015910649299764 0.11577341567683312 0.11577341567683312
7 0.429285649379497 0.2424121912118761 0.06275606426490725 0.06427310015828454
2 0.5621268931112908 0.2932807062555709 0.09983016693047428 0.10438127461060623
2 0.7726241239109609 0.2988845339148203 0.17000627461060613 0.10173965940862688
2 0.6769215158351176 0.15388793415224714 0.1746937746106063 0.10187605172849494
2 0.8181937220241814 0.07823368243638748 0.25513744404836275 0.15646736487277496