2 0.14092900614832007 0.08614575164935265 0.12729881908544902 0.13024509263643716
2 0.7505211330045366 0.33517221733882097 0.08495678298109546 0.10245506175762475
7 0.5680858829063408 0.26500916686396725 0.06926815046753827 0.09106292069139794
7 0.44909901268942354 0.43657662681395487 0.05979315651766228 0.07360263605166181
7 0.3607717900131784 0.5762181368430846 0.04732042759490129 0.07792642319868044
7 0.7875797297083281 0.5464423379510766 0.06614315046753809 0.09097199247815269
7 0.8772841417851354 0.1700820779219468 0.11019313231716552 0.14380748746358768
1 0.9854648013278599 0.1099378512789118 0.028434072208706952 0.05394335391920828
2 0.9917864824388026 0.3664151718120252 0.01280907220870695 0.05348871285298147
6 0.9078528857350111 0.1537811280010891 0.18416696350286302 0.2381318004748537
7 0.055598476683265965 0.5165486539983506 0.0675420240041051 0.06289245658477523
7 0.9769911667711991 0.7605827089590438 0.023673849336070064 0.04130696159934022
2 0.9578189859548439 0.6982956576262602 0.06923178903121965 0.08481292069139812