7 0.6053472362292008 0.6501867394175416 0.09833101006798621 0.13079656134627218
6 0.32259581971979145 0.30852376137808885 0.23674150626826407 0.23862833736472577
7 0.9482588220009021 0.7909326547978577 0.03811824905006951 0.02699885200509051
7 0.9486218447023257 0.8089104954646305 0.035320557370694415 0.041024989337999786
2 0.9633194711272214 0.8489360588000847 0.03524782218833309 0.03789998933799978
2 0.9107036174037493 0.8264428934595397 0.07180357123840295 0.06488066000954476
2 0.9225126331713188 0.8562758441279034 0.054179660144236405 0.045930665340544866
7 0.8969482822976381 0.9138065334579487 0.027508057370694415 0.04093408267027243
2 0.8519260698167006 0.9343821154519036 0.04607621941479181 0.03333975867281787
6 0.8011084522255201 0.9353537221116767 0.04593074905006951 0.027089758672817866
7 0.7776157476283673 0.9710275927752677 0.04146145459715278 0.0364102146721816