1 0.13359375 0.6359375 0.08671875 0.06484375
7 0.3171875 0.53984375 0.08203125 0.0796875
0 0.56484375 0.365625 0.06484375 0.053125
7 0.5921875 0.27734375 0.03828125 0.04296875
2 0.68125 0.2671875 0.07421875 0.03828125
7 0.6453125 0.1671875 0.0625 0.05546875
2 0.7171875 0.1625 0.06015625 0.0765625
2 0.7921875 0.3 0.090625 0.08515625
6 0.7765625 0.2359375 0.096875 0.0546875
7 0.790625 0.4484375 0.0796875 0.10546875
2 0.87265625 0.44609375 0.06484375 0.071875
2 0.9359375 0.65 0.10078125 0.07421875
7 0.85 0.709375 0.05546875 0.0671875
7 0.68515625 0.98203125 0.09140625 0.0359375