1 0.1328125 0.6671875 0.12265625 0.10078125
7 0.3796875 0.4015625 0.0796875 0.115625
0 0.29140625 0.66875 0.06953125 0.06015625
7 0.771875 0.6421875 0.15390625 0.178125
6 0.81171875 0.47265625 0.0453125 0.05546875
6 0.88203125 0.57578125 0.115625 0.09140625
6 0.9515625 0.51015625 0.09609375 0.134375
2 0.9671875 0.3875 0.06484375 0.103125
2 0.77734375 0.234375 0.11328125 0.1296875
2 0.78203125 0.37734375 0.115625 0.09609375
7 0.7859375 0.1234375 0.0359375 0.03828125
1 0.86171875 0.20234375 0.03359375 0.03828125
2 0.95625 0.19609375 0.0875 0.0796875
6 0.959375 0.12109375 0.08125 0.109375
2 0.9265625 0.0421875 0.09375 0.084375