1 0.6912495535773131 0.8717026396055537 0.07984323295387127 0.09980117694751697
7 0.571797944403978 0.685967916797952 0.0954136858759707 0.09694891233702041
0 0.36507420617180547 0.4408797390396561 0.06380912986961632 0.07609094155801373
7 0.26933501217815986 0.4188899163942102 0.052353432629559826 0.04621252678536116
2 0.24986403774570515 0.32555297361838054 0.049855724025417644 0.08209547970746059
7 0.14744242126876944 0.37299894358660846 0.06687958279171564 0.07302048863591422
2 0.13625155113838575 0.29778075527500575 0.08875458279171564 0.07340231818121908
2 0.27382546347540615 0.20640355316368536 0.10185460064862309 0.10799550649282175
6 0.20857261039115108 0.2287092012972462 0.07065914772652385 0.11057503571381497
7 0.4326919488649096 0.19354681736714485 0.1219761858759707 0.09741256249917614
2 0.42169199350717823 0.10739112905554213 0.08414890340856669 0.07800799756436802
2 0.6314312321430926 0.04540714650541252 0.08713753571381488 0.0702500446422687
7 0.7014749508935044 0.10680434252765299 0.07929776217486459 0.06855117694751697